#date     expnum ccd id ccdnum
# Backplane 1
20150707 454884  nan nan   4
20150707 454884  nan nan   8
20150707 454884  nan nan  13
20150707 454884  nan nan  14
20150707 454884  nan nan  25
20150707 454884  nan nan  26
20150707 454884  nan nan  27
20150707 454884  nan nan  32
20150707 454884  nan nan  33
20150707 454884  nan nan  34
20150707 454884  nan nan  39
20150707 454884  nan nan  40
20150707 454884  nan nan  46
20150707 454884  nan nan  51
20150707 454884  nan nan  56

20150529 444093  nan nan   4
20150529 444093  nan nan   8
20150529 444093  nan nan  13
20150529 444093  nan nan  14
20150529 444093  nan nan  25
20150529 444093  nan nan  26
20150529 444093  nan nan  27
20150529 444093  nan nan  32
20150529 444093  nan nan  33
20150529 444093  nan nan  34
20150529 444093  nan nan  39
20150529 444093  nan nan  40
20150529 444093  nan nan  46
20150529 444093  nan nan  51
20150529 444093  nan nan  56

# Corrupted during processing
20150216 410852  nan nan  17
20150301 417176  nan nan  60
20150309 419998  nan nan  56
20150318 423244  nan nan  39
20150607 447636  nan nan  60
20150608 447936  nan nan  53

