#date     expnum ccd id ccdnum
20150801  460364  60  S8  19
20150801  460364  66 S14  13
20150801  460365  51  S4  28
20150801  460365  57 S11  22
20150801  460365  58 S10  21
20150801  460365  63 S17  16
20150801  460365  64 S16  15
20150801  460368  32 N22  53
20150801  460368  38 N26  57
20150801  460368  43 N30  61
20150801  460368  44 N29  60
20150815  464035  51  S4  28
20150815  464035  57 S11  22
20150815  464035  58 S10  21
20150818  465085  60  S8  19
20150818  465085  66 S14  13
20150818  465193  80 S30   2
20150818  465194  80 S30   2
20150818  465214  80 S30   2
20150818  465215  80 S30   2
20150823  466541  60  S8  19
20150823  466541  66 S14  13
20150823  466542  51  S4  28
20150823  466542  57 S11  22
20150823  466542  58 S10  21
20150823  466543  38 N26  57
20150823  466543  43 N30  61
20150823  466543  44 N29  60
20150902  470363  60  S8  19
20150902  470363  66 S14  13
20150902  470376  32 N22  53
20150902  470376  38 N26  57
20150902  470376  43 N30  61
20150902  470376  44 N29  60
20150902  470378  51  S4  28
20150902  470378  57 S11  22
20150902  470378  58 S10  21
20150902  470378  63 S17  16
20150902  470378  64 S16  15
20150902  470379  60  S8  19
20150902  470379  66 S14  13
20150903  470886  67 S24  12
20150903  470886  73 S28   7
20150903  470887  73 S28   7
20150903  470888  67 S24  12
20150903  470888  73 S28   7
20150903  470889  67 S24  12
20150903  470889  73 S28   7
20150903  470890  73 S28   7
20150903  470891  67 S24  12
20150903  470891  73 S28   7
20150903  470892  67 S24  12
20150903  470892  73 S28   7
20150903  470893  39 N25  56
20150903  470893  67 S24  12
20150903  470893  73 S28   7
20150903  470894  67 S24  12
20150903  470894  73 S28   7
20150903  470895  73 S28   7
20150917  475938  66 S14  13
20150917  475938  71 S20   8
20150917  475957  20 N11  42
20150920  476952  20 N11  42
20150920  476957  66 S14  13
20150920  476957  71 S20   8
20151007  482845  20 N11  42
20151007  482856  66 S14  13
20151007  482856  71 S20   8
20151010  483648  14  N4  35
20151010  483648  15  N3  34
20151010  483648  21 N10  41
20151010  483762  32 N22  53
20151010  483762  33 N21  52
20151010  483762  38 N26  57
20151010  483762  43 N30  61
20151010  483762  44 N29  60
20151010  483763  43 N30  61
20151010  483763  44 N29  60
20151010  483816  32 N22  53
20151010  483816  33 N21  52
20151010  483816  38 N26  57
20151010  483816  43 N30  61
20151010  483816  44 N29  60
20151010  483816  68 S23  11
20151010  483816  69 S22  10
20151010  483816  74 S27   6
20151010  483816  75 S26   5
20151127  497133  31 N23  54
20151127  497133  36 N28  59
20151127  497133  42 N31  62
20151127  497133  65 S15  14
20151127  497133  70 S21   9
20151127  497133  71 S20   8
20151127  497133  75 S26   5
20151127  497192  25 N18  49
20151127  497192  31 N23  54
20151127  497229  25 N18  49
20151127  497229  30 N24  55
20151127  497260  29 N14  45
20151127  497260  34 N20  51
20151226  505969  67 S24  12
20151226  505969  73 S28   7
20151226  505970  38 N26  57
20151226  505970  39 N25  56
20151226  505970  44 N29  60
20151226  505971  19 N12  43
20151226  505971  24 N19  50
20151226  505971  25 N18  49
20151226  505971  30 N24  55
20151226  505971  31 N23  54
20151226  505971  52  S3  27
20151226  505971  58 S10  21
20151226  505971  59  S9  20
20151226  505971  64 S16  15
20151226  505971  65 S15  14
20151226  505977  36 N28  59
20151226  505977  37 N27  58
20151226  505977  42 N31  62
20160107  509125  63 S17  16
20160107  509149  64 S16  15
20160108  509516  65 S15  14
20160108  509516  71 S20   8
20160108  509517  65 S15  14
20160108  509517  71 S20   8
20160109  509798  59  S9  20
20160109  509798  65 S15  14
20160109  509815  16  N2  33
20160109  509815  53  S2  26
20160109  509817  27 N16  47
20160109  509817  32 N22  53
20160109  509818  32 N22  53
20160109  509887  75 S26   5
20160109  509887  80 S30   2
20160109  509887  81 S29   1
20160109  509888  75 S26   5
20160109  509888  80 S30   2
20160109  509888  81 S29   1
20160109  509900  60  S8  19
20160109  509900  66 S14  13
20160110  510265  20 N11  42
20160110  510265  26 N17  48
20160110  510276  56 S12  23
20160110  510276  62 S18  17
20160114  511511  11  N7  38
20160114  511511  12  N6  37
20160114  511511  18 N13  44
20160114  511513  16  N2  33
20160114  511513  22  N9  40
20160114  511513  23  N8  39
20160114  511513  53  S2  26
20160114  511514  15  N3  34
20160114  511514  16  N2  33
20160114  511514  17  N1  32
20160114  511514  22  N9  40
20160114  511514  23  N8  39
20160114  511514  53  S2  26
20160114  511545  60  S8  19
20160114  511545  66 S14  13
20160114  511546  60  S8  19
20160114  511546  66 S14  13
20160114  511546  71 S20   8
20160116  512243  22  N9  40
20160116  512243  28 N15  46
20160116  512253  20 N11  42
20160116  512253  26 N17  48
20160118  513123  26 N17  48
20160118  513123  27 N16  47
20160118  513123  32 N22  53
20160118  513123  33 N21  52
20160118  513123  63 S17  16
20160118  513123  69 S22  10
20160118  513123  74 S27   6
20160118  513123  75 S26   5
20160118  513124  26 N17  48
20160118  513124  27 N16  47
20160118  513124  32 N22  53
20160118  513124  33 N21  52
20160118  513124  63 S17  16
20160118  513124  69 S22  10
20160118  513124  74 S27   6
20160118  513124  75 S26   5
20160118  513125  26 N17  48
20160118  513125  27 N16  47
20160118  513125  32 N22  53
20160118  513125  33 N21  52
20160118  513125  63 S17  16
20160118  513125  69 S22  10
20160118  513125  74 S27   6
20160118  513125  75 S26   5
20160118  513126  26 N17  48
20160118  513126  27 N16  47
20160118  513126  32 N22  53
20160118  513126  33 N21  52
20160118  513126  63 S17  16
20160118  513126  69 S22  10
20160118  513126  74 S27   6
20160118  513126  75 S26   5
20160118  513127  26 N17  48
20160118  513127  27 N16  47
20160118  513127  32 N22  53
20160118  513127  33 N21  52
20160118  513127  38 N26  57
20160118  513127  63 S17  16
20160118  513127  68 S23  11
20160118  513127  69 S22  10
20160118  513127  74 S27   6
20160118  513128  26 N17  48
20160118  513128  27 N16  47
20160118  513128  32 N22  53
20160118  513128  37 N27  58
20160118  513128  38 N26  57
20160118  513128  63 S17  16
20160118  513128  68 S23  11
20160118  513128  69 S22  10
20160118  513128  74 S27   6
20160118  513129  26 N17  48
20160118  513129  31 N23  54
20160118  513129  32 N22  53
20160118  513129  37 N27  58
20160118  513129  38 N26  57
20160118  513129  63 S17  16
20160118  513129  68 S23  11
20160118  513129  69 S22  10
20160118  513130  31 N23  54
20160118  513130  32 N22  53
20160118  513130  37 N27  58
20160118  513130  62 S18  17
20160118  513130  63 S17  16
20160118  513130  68 S23  11
20160118  513130  69 S22  10
20160118  513131  26 N17  48
20160118  513131  31 N23  54
20160118  513131  32 N22  53
20160118  513131  37 N27  58
20160118  513131  63 S17  16
20160118  513131  68 S23  11
20160118  513131  69 S22  10
20160118  513131  74 S27   6
20160118  513132  26 N17  48
20160118  513132  27 N16  47
20160118  513132  31 N23  54
20160118  513132  32 N22  53
20160118  513132  68 S23  11
20160118  513132  69 S22  10
20160118  513132  73 S28   7
20160118  513132  74 S27   6
20160118  513133  20 N11  42
20160118  513133  21 N10  41
20160118  513133  26 N17  48
20160118  513133  27 N16  47
20160118  513133  68 S23  11
20160118  513133  69 S22  10
20160118  513133  74 S27   6
20160118  513133  79 S31   3
20160118  513133  80 S30   2
20160118  513134  20 N11  42
20160118  513134  21 N10  41
20160118  513134  26 N17  48
20160118  513134  27 N16  47
20160118  513134  74 S27   6
20160118  513134  79 S31   3
20160118  513134  80 S30   2
20160118  513135  20 N11  42
20160118  513135  21 N10  41
20160118  513135  26 N17  48
20160118  513135  27 N16  47
20160118  513135  74 S27   6
20160118  513135  75 S26   5
20160118  513135  79 S31   3
20160118  513135  80 S30   2
20160118  513136  14  N4  35
20160118  513136  15  N3  34
20160118  513136  21 N10  41
20160118  513136  27 N16  47
20160118  513136  74 S27   6
20160118  513136  75 S26   5
20160118  513136  80 S30   2
20160118  513137  14  N4  35
20160118  513137  15  N3  34
20160118  513137  21 N10  41
20160118  513137  22  N9  40
20160118  513138  15  N3  34
20160118  513138  21 N10  41
20160118  513138  22  N9  40
20160118  513138  75 S26   5
20160118  513138  80 S30   2
20160118  513139  21 N10  41
20160118  513139  22  N9  40
20160118  513139  27 N16  47
20160118  513139  28 N15  46
20160118  513139  75 S26   5
20160118  513139  80 S30   2
20160118  513140  69 S22  10
20160118  513140  70 S21   9
20160118  513140  75 S26   5
20160118  513140  80 S30   2
20160118  513141  27 N16  47
20160118  513141  28 N15  46
20160118  513141  32 N22  53
20160118  513141  33 N21  52
20160118  513141  69 S22  10
20160118  513141  70 S21   9
20160118  513141  74 S27   6
20160118  513141  75 S26   5
20160118  513142  27 N16  47
20160118  513142  32 N22  53
20160118  513142  33 N21  52
20160118  513142  64 S16  15
20160118  513142  69 S22  10
20160118  513142  70 S21   9
20160118  513142  74 S27   6
20160118  513142  75 S26   5
20160118  513143  27 N16  47
20160118  513143  32 N22  53
20160118  513143  69 S22  10
20160118  513143  74 S27   6
20160118  513143  75 S26   5
20160118  513144  27 N16  47
20160118  513144  32 N22  53
20160118  513144  69 S22  10
20160118  513144  74 S27   6
20160118  513144  75 S26   5
20160118  513145  27 N16  47
20160118  513145  32 N22  53
20160118  513145  69 S22  10
20160118  513145  74 S27   6
20160118  513145  75 S26   5
20160118  513146  27 N16  47
20160118  513146  32 N22  53
20160118  513146  69 S22  10
20160118  513146  74 S27   6
20160118  513146  75 S26   5
20160118  513147  32 N22  53
20160118  513147  69 S22  10
20160118  513148  32 N22  53
20160118  513148  68 S23  11
20160118  513148  69 S22  10
20160118  513149  32 N22  53
20160118  513149  37 N27  58
20160118  513149  63 S17  16
20160118  513149  68 S23  11
20160118  513149  69 S22  10
20160118  513150  31 N23  54
20160118  513150  32 N22  53
20160118  513150  37 N27  58
20160118  513150  63 S17  16
20160118  513150  68 S23  11
20160118  513151  32 N22  53
20160118  513151  68 S23  11
20160118  513152  26 N17  48
20160118  513152  32 N22  53
20160118  513152  68 S23  11
20160118  513152  69 S22  10
20160118  513152  74 S27   6
20160118  513153  26 N17  48
20160118  513153  27 N16  47
20160118  513153  74 S27   6
20160118  513153  79 S31   3
20160118  513154  20 N11  42
20160118  513154  21 N10  41
20160118  513154  26 N17  48
20160118  513154  27 N16  47
20160118  513154  74 S27   6
20160118  513154  79 S31   3
20160118  513154  80 S30   2
20160118  513155  21 N10  41
20160118  513155  74 S27   6
20160118  513155  80 S30   2
20160118  513156  21 N10  41
20160118  513156  75 S26   5
20160118  513156  80 S30   2
20160118  513157  21 N10  41
20160118  513158  15  N3  34
20160118  513158  21 N10  41
20160118  513158  22  N9  40
20160118  513158  80 S30   2
20160118  513159  21 N10  41
20160118  513159  22  N9  40
20160118  513159  75 S26   5
20160118  513159  80 S30   2
20160118  513160  75 S26   5
20160118  513160  80 S30   2
20160118  513161  27 N16  47
20160118  513161  33 N21  52
20160118  513161  69 S22  10
20160118  513161  75 S26   5
20160118  513162  27 N16  47
20160118  513162  32 N22  53
20160118  513162  33 N21  52
20160118  513162  69 S22  10
20160118  513162  75 S26   5
20160210  516146  23  N8  39
20160210  516146  29 N14  45
20160210  516146  34 N20  51
20160210  516146  49  S6  30
20160210  516146  56 S12  23
20160210  516146  62 S18  17
20160210  516147  22  N9  40
20160210  516147  23  N8  39
20160210  516147  28 N15  46
20160210  516147  29 N14  45
20160210  516147  34 N20  51
20160210  516148  14  N4  35
20160210  516148  15  N3  34
20160210  516148  21 N10  41
20160210  516148  22  N9  40
20160210  516148  27 N16  47
20160210  516148  56 S12  23
20160210  516148  61 S19  18
20160210  516148  62 S18  17
20160210  516148  67 S24  12
20160210  516149  56 S12  23
20160210  516149  57 S11  22
20160210  516149  61 S19  18
20160210  516149  62 S18  17
20160210  516149  67 S24  12
20160211  516460  52  S3  27
20160211  516460  58 S10  21
20160211  516461  52  S3  27
20160211  516461  58 S10  21
20160211  516557  13  N5  36
20160211  516557  14  N4  35
20160211  516557  20 N11  42
20160211  516557  21 N10  41
20160211  516557  26 N17  48
20160211  516557  58 S10  21
20160211  516557  64 S16  15
20160211  516557  69 S22  10
20160211  516557  70 S21   9
20160211  516558  58 S10  21
20160211  516558  64 S16  15
20160211  516558  69 S22  10
20160211  516558  70 S21   9
20160211  516560  58 S10  21
20160211  516560  64 S16  15
20160211  516560  69 S22  10
20160211  516560  70 S21   9
20160211  516573  49  S6  30
20160214  517638  32 N22  53
20160214  517638  33 N21  52
20160214  517638  38 N26  57
20160215  517898  24 N19  50
20160215  517899  24 N19  50
20160215  517912  34 N20  51
20160215  517913  34 N20  51
20160215  517956  31 N23  54
20160215  517956  36 N28  59
20160215  517956  37 N27  58
20160215  517956  57 S11  22
20160215  517956  58 S10  21
20160215  517956  63 S17  16
20160215  517956  64 S16  15
20160215  517957  26 N17  48
20160215  517957  31 N23  54
20160215  517957  36 N28  59
20160215  517957  37 N27  58
20160215  517959  75 S26   5
20160215  517959  80 S30   2
20160226  520487  14  N4  35
20160226  520488  14  N4  35
20160226  520489  14  N4  35
20160226  520489  20 N11  42
20160226  520489  21 N10  41
20160226  520560  16  N2  33
20160226  520655  62 S18  17
20160226  520655  67 S24  12
20160226  520656  12  N6  37
20160226  520656  13  N5  36
20160226  520656  15  N3  34
20160226  520656  16  N2  33
20160226  520656  17  N1  32
20160226  520656  19 N12  43
20160226  520656  20 N11  42
20160226  520656  21 N10  41
20160226  520656  22  N9  40
20160226  520656  23  N8  39
20160226  520656  25 N18  49
20160226  520656  26 N17  48
20160226  520656  27 N16  47
20160226  520656  28 N15  46
20160226  520656  29 N14  45
20160226  520656  31 N23  54
20160226  520656  32 N22  53
20160226  520656  33 N21  52
20160226  520656  49  S6  30
20160226  520656  50  S5  29
20160226  520656  52  S3  27
20160226  520656  53  S2  26
20160226  520656  56 S12  23
20160226  520656  57 S11  22
20160226  520656  58 S10  21
20160226  520656  59  S9  20
20160226  520656  60  S8  19
20160226  520656  62 S18  17
20160226  520656  63 S17  16
20160226  520656  64 S16  15
20160226  520656  65 S15  14
20160226  520656  69 S22  10
20160226  520656  70 S21   9
20160227  520952  58 S10  21
20160227  520952  59  S9  20
20160227  520952  65 S15  14
20160229  521624  11  N7  38
20160229  521624  12  N6  37
20160229  521624  18 N13  44
20160229  521624  19 N12  43
20160229  521624  24 N19  50
20160229  521624  53  S2  26
20160229  521624  54  S1  25
20160229  521624  59  S9  20
20160229  521624  60  S8  19
20160229  521624  66 S14  13
20160229  521626  25 N18  49
20160229  521626  30 N24  55
20160229  521626  31 N23  54
20160229  521626  36 N28  59
20160229  521626  37 N27  58
20160229  521626  42 N31  62
20160229  521626  43 N30  61
20160229  521626  70 S21   9
20160229  521626  75 S26   5
20160229  521626  76 S25   4
20160229  521626  80 S30   2
20160229  521626  81 S29   1
20160229  521627  30 N24  55
20160229  521627  31 N23  54
20160229  521627  36 N28  59
20160229  521627  37 N27  58
20160229  521627  70 S21   9
20160229  521627  75 S26   5
20160229  521627  76 S25   4
20160229  521627  80 S30   2
20160229  521627  81 S29   1
20160229  521628  34 N20  51
20160229  521809  64 S16  15
20160229  521809  69 S22  10
20160229  521809  70 S21   9
20160229  521809  75 S26   5
20160229  521860  73 S28   7
20160229  521860  79 S31   3
20160229  521861  39 N25  56
20160301  522023  11  N7  38
20160301  522023  12  N6  37
20160301  522023  17  N1  32
20160301  522023  18 N13  44
20160301  522023  19 N12  43
20160301  522023  24 N19  50
20160301  522023  53  S2  26
20160301  522023  54  S1  25
20160301  522023  59  S9  20
20160301  522023  60  S8  19
20160301  522023  65 S15  14
20160301  522023  66 S14  13
20160301  522023  71 S20   8
20160301  522030  34 N20  51
20160301  522212  12  N6  37
20160301  522212  13  N5  36
20160301  522212  14  N4  35
20160301  522212  15  N3  34
20160301  522212  16  N2  33
20160301  522212  18 N13  44
20160301  522212  19 N12  43
20160301  522212  20 N11  42
20160301  522212  21 N10  41
20160301  522212  22  N9  40
20160301  522212  24 N19  50
20160301  522212  25 N18  49
20160301  522212  26 N17  48
20160301  522212  27 N16  47
20160301  522212  28 N15  46
20160301  522212  30 N24  55
20160301  522212  31 N23  54
20160301  522212  32 N22  53
20160301  522212  33 N21  52
20160301  522212  36 N28  59
20160301  522212  37 N27  58
20160301  522212  42 N31  62
20160301  522212  49  S6  30
20160301  522212  50  S5  29
20160301  522212  52  S3  27
20160301  522212  53  S2  26
20160301  522212  56 S12  23
20160301  522212  57 S11  22
20160301  522212  58 S10  21
20160301  522212  59  S9  20
20160301  522212  60  S8  19
20160301  522212  62 S18  17
20160301  522212  63 S17  16
20160301  522212  64 S16  15
20160301  522212  65 S15  14
20160301  522212  68 S23  11
20160301  522212  69 S22  10
20160301  522212  70 S21   9
20160301  522212  71 S20   8
20160301  522212  74 S27   6
20160301  522212  75 S26   5
20160301  522213  37 N27  58
20160301  522213  42 N31  62
20160301  522238  75 S26   5
20160301  522238  76 S25   4
20160301  522238  81 S29   1
20160301  522259  74 S27   6
20160301  522259  79 S31   3
20160301  522259  80 S30   2
20160313  525870  68 S23  11
20160313  525892  15  N3  34
20160313  525892  21 N10  41
20160313  525892  22  N9  40
20160313  525892  27 N16  47
20160313  525893  14  N4  35
20160313  525893  15  N3  34
20160313  525893  21 N10  41
20160313  525893  22  N9  40
20160313  525893  27 N16  47
20160313  525943  57 S11  22
20160313  525966  26 N17  48
20160313  525967  26 N17  48
20160313  525987  42 N31  62
20160313  526042  73 S28   7
20160313  526042  79 S31   3
20160313  526043  73 S28   7
20160313  526043  79 S31   3
20160313  526068  79 S31   3
20160313  526069  79 S31   3
20160313  526082  64 S16  15
20160313  526082  69 S22  10
20160313  526082  70 S21   9
20160313  526083  64 S16  15
20160313  526083  69 S22  10
20160313  526083  70 S21   9
20160313  526084  37 N27  58
20160313  526084  38 N26  57
20160313  526084  43 N30  61
20160313  526085  37 N27  58
20160313  526085  38 N26  57
20160313  526085  43 N30  61
20160313  526086  16  N2  33
20160313  526106  52  S3  27
20160313  526106  58 S10  21
20160313  526106  59  S9  20
20160313  526107  13  N5  36
20160313  526107  14  N4  35
20160313  526107  20 N11  42
20160313  526107  50  S5  29
20160313  526107  51  S4  28
20160313  526107  52  S3  27
20160313  526107  58 S10  21
20160313  526107  59  S9  20
20160313  526150  28 N15  46
20160313  526150  29 N14  45
20160313  526150  33 N21  52
20160313  526150  34 N20  51
20160313  526150  62 S18  17
20160313  526150  67 S24  12
20160313  526150  68 S23  11
20160313  526150  73 S28   7
20160313  526151  12  N6  37
20160313  526151  13  N5  36
20160313  526151  14  N4  35
20160313  526151  15  N3  34
20160313  526151  16  N2  33
20160313  526151  17  N1  32
20160313  526151  19 N12  43
20160313  526151  20 N11  42
20160313  526151  21 N10  41
20160313  526151  22  N9  40
20160313  526151  23  N8  39
20160313  526151  25 N18  49
20160313  526151  26 N17  48
20160313  526151  27 N16  47
20160313  526151  28 N15  46
20160313  526151  29 N14  45
20160313  526151  33 N21  52
20160313  526151  34 N20  51
20160313  526151  38 N26  57
20160313  526151  39 N25  56
20160313  526151  44 N29  60
20160313  526151  49  S6  30
20160313  526151  50  S5  29
20160313  526151  51  S4  28
20160313  526151  52  S3  27
20160313  526151  55 S13  24
20160313  526151  56 S12  23
20160313  526151  57 S11  22
20160313  526151  58 S10  21
20160313  526151  59  S9  20
20160313  526151  61 S19  18
20160313  526151  62 S18  17
20160313  526151  63 S17  16
20160313  526151  64 S16  15
20160313  526151  65 S15  14
20160313  526151  67 S24  12
20160313  526151  68 S23  11
20160313  526151  69 S22  10
20160313  526151  70 S21   9
20160313  526151  73 S28   7
20160313  526151  74 S27   6
20160313  526154  66 S14  13
20160313  526155  18 N13  44
20160313  526155  24 N19  50
20160313  526155  30 N24  55
20160313  526155  66 S14  13
20160313  526156  12  N6  37
20160313  526156  13  N5  36
20160313  526156  14  N4  35
20160313  526156  15  N3  34
20160313  526156  16  N2  33
20160313  526156  19 N12  43
20160313  526156  20 N11  42
20160313  526156  21 N10  41
20160313  526156  22  N9  40
20160313  526156  25 N18  49
20160313  526156  26 N17  48
20160313  526156  27 N16  47
20160313  526156  28 N15  46
20160313  526156  31 N23  54
20160313  526156  32 N22  53
20160313  526156  33 N21  52
20160313  526156  34 N20  51
20160313  526156  37 N27  58
20160313  526156  38 N26  57
20160313  526156  39 N25  56
20160313  526156  44 N29  60
20160313  526156  49  S6  30
20160313  526156  50  S5  29
20160313  526156  52  S3  27
20160313  526156  53  S2  26
20160313  526156  56 S12  23
20160313  526156  57 S11  22
20160313  526156  58 S10  21
20160313  526156  59  S9  20
20160313  526156  63 S17  16
20160313  526156  64 S16  15
20160313  526156  67 S24  12
20160313  526156  68 S23  11
20160313  526156  69 S22  10
20160313  526156  73 S28   7
20160313  526156  74 S27   6
20160313  526156  75 S26   5
20160313  526156  79 S31   3
20160313  526156  80 S30   2
20160313  526157  33 N21  52
20160313  526157  38 N26  57
20160313  526157  44 N29  60
20160313  526157  73 S28   7
20160313  526157  74 S27   6
20160313  526157  79 S31   3
20160313  526157  80 S30   2
20160314  526361  15  N3  34
20160314  526361  16  N2  33
20160314  526361  21 N10  41
20160314  526361  22  N9  40
20160314  526362  15  N3  34
20160314  526362  16  N2  33
20160314  526362  21 N10  41
20160314  526362  22  N9  40
20160314  526377  32 N22  53
20160314  526377  33 N21  52
20160314  526377  37 N27  58
20160314  526377  38 N26  57
20160314  526377  57 S11  22
20160314  526377  58 S10  21
20160314  526377  63 S17  16
20160314  526377  64 S16  15
20160314  526378  32 N22  53
20160314  526378  33 N21  52
20160314  526378  38 N26  57
20160314  526379  42 N31  62
20160314  526380  42 N31  62
20160314  526412  58 S10  21
20160314  526412  64 S16  15
20160314  526435  20 N11  42
20160314  526435  26 N17  48
20160314  526436  20 N11  42
20160314  526436  26 N17  48
20160314  526456  37 N27  58
20160314  526456  42 N31  62
20160314  526511  73 S28   7
20160314  526511  74 S27   6
20160314  526511  79 S31   3
20160314  526512  73 S28   7
20160314  526512  74 S27   6
20160314  526512  79 S31   3
20160314  526513  42 N31  62
20160314  526513  43 N30  61
20160314  526514  42 N31  62
20160314  526514  43 N30  61
20160314  526537  79 S31   3
20160314  526537  80 S30   2
20160314  526538  79 S31   3
20160314  526551  64 S16  15
20160314  526551  70 S21   9
20160314  526551  75 S26   5
20160314  526551  80 S30   2
20160314  526551  81 S29   1
20160314  526552  25 N18  49
20160314  526552  26 N17  48
20160314  526552  31 N23  54
20160314  526552  32 N22  53
20160314  526552  64 S16  15
20160314  526552  70 S21   9
20160314  526552  75 S26   5
20160314  526552  80 S30   2
20160314  526553  38 N26  57
20160314  526554  38 N26  57
20160314  526555  16  N2  33
20160314  526555  17  N1  32
20160314  526555  53  S2  26
20160314  526555  54  S1  25
20160314  526559  18 N13  44
20160314  526560  18 N13  44
20160314  526575  52  S3  27
20160314  526575  53  S2  26
20160314  526575  58 S10  21
20160314  526575  59  S9  20
20160314  526575  60  S8  19
20160314  526575  65 S15  14
20160314  526576  13  N5  36
20160314  526576  14  N4  35
20160314  526576  19 N12  43
20160314  526576  20 N11  42
20160314  526576  50  S5  29
20160314  526576  51  S4  28
20160314  526576  52  S3  27
20160314  526576  53  S2  26
20160314  526576  58 S10  21
20160314  526576  59  S9  20
20160314  526576  60  S8  19
20160314  526576  65 S15  14
20160314  526619  27 N16  47
20160314  526619  28 N15  46
20160314  526619  33 N21  52
20160314  526619  62 S18  17
20160314  526619  67 S24  12
20160314  526619  68 S23  11
20160314  526619  73 S28   7
20160314  526619  79 S31   3
20160314  526620  12  N6  37
20160314  526620  13  N5  36
20160314  526620  14  N4  35
20160314  526620  15  N3  34
20160314  526620  19 N12  43
20160314  526620  20 N11  42
20160314  526620  21 N10  41
20160314  526620  22  N9  40
20160314  526620  23  N8  39
20160314  526620  25 N18  49
20160314  526620  26 N17  48
20160314  526620  27 N16  47
20160314  526620  28 N15  46
20160314  526620  29 N14  45
20160314  526620  32 N22  53
20160314  526620  33 N21  52
20160314  526620  34 N20  51
20160314  526620  37 N27  58
20160314  526620  38 N26  57
20160314  526620  39 N25  56
20160314  526620  43 N30  61
20160314  526620  44 N29  60
20160314  526620  49  S6  30
20160314  526620  50  S5  29
20160314  526620  51  S4  28
20160314  526620  52  S3  27
20160314  526620  55 S13  24
20160314  526620  56 S12  23
20160314  526620  57 S11  22
20160314  526620  58 S10  21
20160314  526620  59  S9  20
20160314  526620  62 S18  17
20160314  526620  63 S17  16
20160314  526620  64 S16  15
20160314  526620  65 S15  14
20160314  526620  67 S24  12
20160314  526620  68 S23  11
20160314  526620  69 S22  10
20160314  526620  70 S21   9
20160314  526620  73 S28   7
20160314  526620  74 S27   6
20160314  526620  75 S26   5
20160314  526620  79 S31   3
20160314  526625  12  N6  37
20160314  526625  13  N5  36
20160314  526625  14  N4  35
20160314  526625  15  N3  34
20160314  526625  16  N2  33
20160314  526625  19 N12  43
20160314  526625  20 N11  42
20160314  526625  21 N10  41
20160314  526625  22  N9  40
20160314  526625  23  N8  39
20160314  526625  25 N18  49
20160314  526625  26 N17  48
20160314  526625  27 N16  47
20160314  526625  28 N15  46
20160314  526625  31 N23  54
20160314  526625  32 N22  53
20160314  526625  33 N21  52
20160314  526625  34 N20  51
20160314  526625  38 N26  57
20160314  526625  39 N25  56
20160314  526625  44 N29  60
20160314  526625  50  S5  29
20160314  526625  52  S3  27
20160314  526625  53  S2  26
20160314  526625  56 S12  23
20160314  526625  57 S11  22
20160314  526625  58 S10  21
20160314  526625  59  S9  20
20160314  526625  61 S19  18
20160314  526625  62 S18  17
20160314  526625  63 S17  16
20160314  526625  64 S16  15
20160314  526625  67 S24  12
20160314  526625  68 S23  11
20160314  526625  73 S28   7
20160314  526625  74 S27   6
20160314  526625  79 S31   3
20160314  526625  80 S30   2
20160314  526626  33 N21  52
20160314  526626  39 N25  56
20160314  526626  44 N29  60
20160314  526626  73 S28   7
20160314  526626  79 S31   3
20160314  526653  12  N6  37
20160314  526653  13  N5  36
20160314  526653  14  N4  35
20160314  526653  15  N3  34
20160314  526653  19 N12  43
20160314  526653  20 N11  42
20160314  526653  21 N10  41
20160314  526653  25 N18  49
20160314  526653  26 N17  48
20160314  526653  27 N16  47
20160314  526653  49  S6  30
20160314  526653  50  S5  29
20160314  526653  51  S4  28
20160314  526653  52  S3  27
20160314  526653  55 S13  24
20160314  526653  56 S12  23
20160314  526653  58 S10  21
20160314  526653  59  S9  20
20160314  526653  61 S19  18
20160314  526653  62 S18  17
20160314  526653  63 S17  16
20160314  526653  64 S16  15
20160314  526653  65 S15  14
20160314  526653  67 S24  12
20160314  526653  68 S23  11
20160314  526653  69 S22  10
20160314  526653  70 S21   9
20160314  526653  73 S28   7
20160314  526653  74 S27   6
20160314  526653  75 S26   5
20160314  526654  12  N6  37
20160314  526654  13  N5  36
20160314  526654  14  N4  35
20160314  526654  15  N3  34
20160314  526654  18 N13  44
20160314  526654  19 N12  43
20160314  526654  20 N11  42
20160314  526654  21 N10  41
20160314  526654  22  N9  40
20160314  526654  25 N18  49
20160314  526654  26 N17  48
20160314  526654  27 N16  47
20160314  526654  48  S7  31
20160314  526654  49  S6  30
20160314  526654  50  S5  29
20160314  526654  51  S4  28
20160314  526654  52  S3  27
20160314  526654  55 S13  24
20160314  526654  56 S12  23
20160314  526654  58 S10  21
20160314  526654  59  S9  20
20160314  526654  61 S19  18
20160314  526654  62 S18  17
20160314  526654  63 S17  16
20160314  526654  64 S16  15
20160314  526654  65 S15  14
20160314  526654  67 S24  12
20160314  526654  68 S23  11
20160314  526654  69 S22  10
20160314  526654  70 S21   9
20160314  526654  73 S28   7
20160314  526654  74 S27   6
20160314  526654  75 S26   5
20160315  526842  18 N13  44
20160315  526842  24 N19  50
20160315  526847  69 S22  10
20160315  526847  74 S27   6
20160315  526847  75 S26   5
20160315  526869  16  N2  33
20160315  526869  22  N9  40
20160315  526869  23  N8  39
20160315  526870  15  N3  34
20160315  526870  16  N2  33
20160315  526870  22  N9  40
20160315  526870  23  N8  39
20160315  526885  27 N16  47
20160315  526885  32 N22  53
20160315  526885  33 N21  52
20160315  526885  38 N26  57
20160315  526885  39 N25  56
20160315  526885  57 S11  22
20160315  526885  58 S10  21
20160315  526885  63 S17  16
20160315  526885  64 S16  15
20160315  526886  33 N21  52
20160315  526886  38 N26  57
20160315  526886  39 N25  56
20160315  526887  42 N31  62
20160315  526888  42 N31  62
20160315  526953  20 N11  42
20160315  526953  21 N10  41
20160315  526954  20 N11  42
20160315  526954  21 N10  41
20160315  526956  37 N27  58
20160315  526956  42 N31  62
20160315  526956  43 N30  61
20160315  527009  43 N30  61
20160315  527010  43 N30  61
20160315  527011  79 S31   3
20160315  527011  80 S30   2
20160315  527012  79 S31   3
20160315  527012  80 S30   2
20160315  527037  11  N7  38
20160315  527037  48  S7  31
20160315  527038  11  N7  38
20160315  527038  48  S7  31
20160315  527041  80 S30   2
20160315  527046  17  N1  32
20160315  527046  54  S1  25
20160315  527047  38 N26  57
20160315  527047  44 N29  60
20160315  527048  38 N26  57
20160315  527048  44 N29  60
20160315  527048  73 S28   7
20160315  527048  74 S27   6
20160315  527048  79 S31   3
20160315  527048  80 S30   2
20160315  527049  25 N18  49
20160315  527049  26 N17  48
20160315  527049  31 N23  54
20160315  527049  37 N27  58
20160315  527049  70 S21   9
20160315  527049  75 S26   5
20160315  527049  76 S25   4
20160315  527049  80 S30   2
20160315  527049  81 S29   1
20160315  527050  70 S21   9
20160315  527050  75 S26   5
20160315  527050  76 S25   4
20160315  527050  80 S30   2
20160315  527050  81 S29   1
20160315  527063  11  N7  38
20160315  527063  12  N6  37
20160315  527063  18 N13  44
20160315  527064  11  N7  38
20160315  527064  12  N6  37
20160315  527064  18 N13  44
20160315  527065  52  S3  27
20160315  527065  53  S2  26
20160315  527065  59  S9  20
20160315  527066  52  S3  27
20160315  527066  53  S2  26
20160315  527066  59  S9  20
20160316  527271  32 N22  53
20160316  527271  33 N21  52
20160316  527271  37 N27  58
20160316  527271  38 N26  57
20160316  527271  57 S11  22
20160316  527271  58 S10  21
20160316  527271  63 S17  16
20160316  527271  64 S16  15
20160316  527272  32 N22  53
20160316  527272  33 N21  52
20160316  527272  38 N26  57
20160316  527285  42 N31  62
20160316  527286  42 N31  62
20160316  527312  68 S23  11
20160316  527352  57 S11  22
20160316  527380  20 N11  42
20160316  527380  21 N10  41
20160316  527381  20 N11  42
20160316  527381  21 N10  41
20160316  527405  37 N27  58
20160316  527405  42 N31  62
20160316  527405  43 N30  61
20160316  527449  73 S28   7
20160316  527449  79 S31   3
20160316  527450  73 S28   7
20160316  527450  79 S31   3
20160316  527451  79 S31   3
20160316  527451  80 S30   2
20160316  527452  79 S31   3
20160316  527452  80 S30   2
20160316  527453  43 N30  61
20160316  527454  43 N30  61
20160316  527509  79 S31   3
20160316  527510  79 S31   3
20160316  527511  80 S30   2
20160316  527519  11  N7  38
20160316  527519  48  S7  31
20160316  527520  11  N7  38
20160316  527520  48  S7  31
20160316  527533  25 N18  49
20160316  527533  26 N17  48
20160316  527533  31 N23  54
20160316  527533  37 N27  58
20160316  527533  70 S21   9
20160316  527533  75 S26   5
20160316  527533  76 S25   4
20160316  527533  80 S30   2
20160316  527533  81 S29   1
20160316  527534  70 S21   9
20160316  527534  75 S26   5
20160316  527534  76 S25   4
20160316  527534  80 S30   2
20160316  527534  81 S29   1
20160316  527535  64 S16  15
20160316  527535  69 S22  10
20160316  527535  70 S21   9
20160316  527536  64 S16  15
20160316  527536  69 S22  10
20160316  527536  70 S21   9
20160316  527537  38 N26  57
20160316  527537  44 N29  60
20160316  527538  38 N26  57
20160316  527538  44 N29  60
20160316  527538  73 S28   7
20160316  527538  74 S27   6
20160316  527538  79 S31   3
20160316  527538  80 S30   2
20160316  527539  37 N27  58
20160316  527539  38 N26  57
20160316  527539  43 N30  61
20160316  527540  37 N27  58
20160316  527540  38 N26  57
20160316  527540  43 N30  61
20160316  527542  17  N1  32
20160316  527542  54  S1  25
20160316  527543  16  N2  33
20160316  527551  11  N7  38
20160316  527551  12  N6  37
20160316  527551  18 N13  44
20160316  527552  11  N7  38
20160316  527552  12  N6  37
20160316  527552  18 N13  44
20160316  527570  12  N6  37
20160316  527570  13  N5  36
20160316  527570  19 N12  43
20160316  527570  20 N11  42
20160316  527570  50  S5  29
20160316  527570  52  S3  27
20160316  527570  53  S2  26
20160316  527570  59  S9  20
20160316  527570  60  S8  19
20160316  527570  65 S15  14
20160316  527570  66 S14  13
20160316  527571  52  S3  27
20160316  527571  53  S2  26
20160316  527571  59  S9  20
20160316  527571  60  S8  19
20160316  527571  65 S15  14
20160316  527571  66 S14  13
20160323  527870  14  N4  35
20160323  527870  15  N3  34
20160323  527870  21 N10  41
20160323  527870  22  N9  40
20160323  527870  27 N16  47
20160323  527871  13  N5  36
20160323  527871  14  N4  35
20160323  527871  15  N3  34
20160323  527871  21 N10  41
20160323  527871  22  N9  40
20160323  527871  27 N16  47
20160323  527871  50  S5  29
20160323  527871  51  S4  28
20160323  527871  57 S11  22
20160323  527871  58 S10  21
20160323  528014  26 N17  48
20160323  528015  26 N17  48
20160323  528152  16  N2  33
20160323  528157  37 N27  58
20160323  528157  38 N26  57
20160323  528157  43 N30  61
20160323  528158  64 S16  15
20160323  528158  69 S22  10
20160323  528158  70 S21   9
20160323  528182  52  S3  27
20160323  528182  58 S10  21
20160323  528182  59  S9  20
20160323  528183  52  S3  27
20160323  528183  58 S10  21
20160323  528183  59  S9  20
20160323  528260  62 S18  17
20160323  528260  67 S24  12
20160323  528260  68 S23  11
20160323  528260  73 S28   7
20160323  528261  67 S24  12
20160323  528261  73 S28   7
20160323  528272  38 N26  57
20160323  528272  44 N29  60
20160323  528273  44 N29  60
20160323  528279  33 N21  52
20160323  528279  34 N20  51
20160323  528279  39 N25  56
20160323  528283  66 S14  13
20160323  528312  12  N6  37
20160323  528312  13  N5  36
20160323  528312  14  N4  35
20160323  528312  15  N3  34
20160323  528312  16  N2  33
20160323  528312  19 N12  43
20160323  528312  20 N11  42
20160323  528312  21 N10  41
20160323  528312  22  N9  40
20160323  528312  25 N18  49
20160323  528312  26 N17  48
20160323  528312  27 N16  47
20160323  528312  28 N15  46
20160323  528312  31 N23  54
20160323  528312  32 N22  53
20160323  528312  33 N21  52
20160323  528312  49  S6  30
20160323  528312  50  S5  29
20160323  528312  51  S4  28
20160323  528312  52  S3  27
20160323  528312  53  S2  26
20160323  528312  56 S12  23
20160323  528312  57 S11  22
20160323  528312  58 S10  21
20160323  528312  59  S9  20
20160323  528312  62 S18  17
20160323  528312  63 S17  16
20160323  528312  64 S16  15
20160323  528312  65 S15  14
20160323  528312  68 S23  11
20160323  528312  69 S22  10
20160323  528312  70 S21   9
20160323  528313  12  N6  37
20160323  528313  13  N5  36
20160323  528313  14  N4  35
20160323  528313  15  N3  34
20160323  528313  16  N2  33
20160323  528313  19 N12  43
20160323  528313  20 N11  42
20160323  528313  21 N10  41
20160323  528313  22  N9  40
20160323  528313  25 N18  49
20160323  528313  26 N17  48
20160323  528313  27 N16  47
20160323  528313  28 N15  46
20160323  528313  31 N23  54
20160323  528313  32 N22  53
20160323  528313  33 N21  52
20160323  528313  49  S6  30
20160323  528313  50  S5  29
20160323  528313  51  S4  28
20160323  528313  52  S3  27
20160323  528313  53  S2  26
20160323  528313  56 S12  23
20160323  528313  57 S11  22
20160323  528313  58 S10  21
20160323  528313  59  S9  20
20160323  528313  62 S18  17
20160323  528313  63 S17  16
20160323  528313  64 S16  15
20160323  528313  65 S15  14
20160323  528313  68 S23  11
20160323  528313  69 S22  10
20160323  528313  70 S21   9
20160323  528313  71 S20   8
20160323  528313  73 S28   7
20160323  528313  74 S27   6
20160323  528313  75 S26   5
20160324  528586  15  N3  34
20160324  528586  16  N2  33
20160324  528586  21 N10  41
20160324  528586  22  N9  40
20160324  528587  13  N5  36
20160324  528587  14  N4  35
20160324  528587  15  N3  34
20160324  528587  16  N2  33
20160324  528587  21 N10  41
20160324  528587  22  N9  40
20160324  528587  50  S5  29
20160324  528587  51  S4  28
20160324  528587  56 S12  23
20160324  528587  57 S11  22
20160324  528614  42 N31  62
20160324  528615  42 N31  62
20160324  528724  20 N11  42
20160324  528724  26 N17  48
20160324  528725  20 N11  42
20160324  528725  26 N17  48
20160324  528862  16  N2  33
20160324  528862  17  N1  32
20160324  528862  53  S2  26
20160324  528862  54  S1  25
20160324  528867  38 N26  57
20160324  528868  64 S16  15
20160324  528868  70 S21   9
20160324  528868  75 S26   5
20160324  528868  80 S30   2
20160324  528869  75 S26   5
20160324  528869  80 S30   2
20160324  528891  18 N13  44
20160324  528892  52  S3  27
20160324  528892  53  S2  26
20160324  528892  58 S10  21
20160324  528892  59  S9  20
20160324  528892  60  S8  19
20160324  528892  65 S15  14
20160324  528893  53  S2  26
20160324  528893  59  S9  20
20160324  528970  62 S18  17
20160324  528970  67 S24  12
20160324  528970  68 S23  11
20160324  528970  73 S28   7
20160324  528970  79 S31   3
20160324  528971  67 S24  12
20160324  528971  73 S28   7
20160324  528971  79 S31   3
20160324  528982  33 N21  52
20160324  528982  39 N25  56
20160324  528982  44 N29  60
20160324  528983  44 N29  60
20160324  528989  34 N20  51
20160324  529022  14  N4  35
20160324  529022  15  N3  34
20160324  529022  21 N10  41
20160324  529023  12  N6  37
20160324  529023  13  N5  36
20160324  529023  14  N4  35
20160324  529023  15  N3  34
20160324  529023  19 N12  43
20160324  529023  20 N11  42
20160324  529023  21 N10  41
20160324  529023  25 N18  49
20160324  529023  26 N17  48
20160324  529023  27 N16  47
20160324  529023  49  S6  30
20160324  529023  50  S5  29
20160324  529023  51  S4  28
20160324  529023  52  S3  27
20160324  529023  55 S13  24
20160324  529023  56 S12  23
20160324  529023  58 S10  21
20160324  529023  59  S9  20
20160324  529023  61 S19  18
20160324  529023  62 S18  17
20160324  529023  63 S17  16
20160324  529023  64 S16  15
20160324  529023  65 S15  14
20160324  529023  67 S24  12
20160324  529023  68 S23  11
20160324  529023  69 S22  10
20160324  529023  70 S21   9
20160324  529023  73 S28   7
20160324  529023  74 S27   6
20160324  529023  75 S26   5
20160325  529279  18 N13  44
20160325  529279  24 N19  50
20160325  529280  18 N13  44
20160325  529280  24 N19  50
20160325  529321  15  N3  34
20160325  529321  16  N2  33
20160325  529321  22  N9  40
20160325  529321  23  N8  39
20160325  529322  13  N5  36
20160325  529322  15  N3  34
20160325  529322  16  N2  33
20160325  529322  22  N9  40
20160325  529322  23  N8  39
20160325  529322  50  S5  29
20160325  529322  56 S12  23
20160325  529322  57 S11  22
20160325  529349  42 N31  62
20160325  529350  42 N31  62
20160325  529447  20 N11  42
20160325  529447  21 N10  41
20160325  529448  20 N11  42
20160325  529448  21 N10  41
20160325  529587  11  N7  38
20160325  529587  48  S7  31
20160325  529599  17  N1  32
20160325  529599  54  S1  25
20160325  529603  44 N29  60
20160325  529604  38 N26  57
20160325  529604  44 N29  60
20160325  529605  70 S21   9
20160325  529605  75 S26   5
20160325  529605  80 S30   2
20160325  529605  81 S29   1
20160325  529606  75 S26   5
20160325  529606  80 S30   2
20160325  529606  81 S29   1
20160325  529628  11  N7  38
20160325  529628  12  N6  37
20160325  529628  18 N13  44
20160325  529629  52  S3  27
20160325  529629  53  S2  26
20160325  529629  59  S9  20
20160325  529629  60  S8  19
20160325  529629  65 S15  14
20160325  529629  66 S14  13
20160325  529630  60  S8  19
20160325  529630  66 S14  13
20160325  529707  68 S23  11
20160325  529707  73 S28   7
20160325  529707  74 S27   6
20160325  529707  79 S31   3
20160325  529708  73 S28   7
20160325  529708  74 S27   6
20160325  529708  79 S31   3
20160325  529712  30 N24  55
20160325  529719  33 N21  52
20160325  529719  34 N20  51
20160325  529719  39 N25  56
20160325  529726  29 N14  45
20160325  529726  34 N20  51
20160325  529759  12  N6  37
20160325  529759  13  N5  36
20160325  529759  14  N4  35
20160325  529759  15  N3  34
20160325  529759  16  N2  33
20160325  529759  19 N12  43
20160325  529759  20 N11  42
20160325  529759  21 N10  41
20160325  529759  22  N9  40
20160325  529759  23  N8  39
20160325  529759  25 N18  49
20160325  529759  26 N17  48
20160325  529759  27 N16  47
20160325  529759  28 N15  46
20160325  529759  31 N23  54
20160325  529759  32 N22  53
20160325  529759  33 N21  52
20160325  529759  49  S6  30
20160325  529759  50  S5  29
20160325  529759  51  S4  28
20160325  529759  52  S3  27
20160325  529759  53  S2  26
20160325  529759  56 S12  23
20160325  529759  57 S11  22
20160325  529759  58 S10  21
20160325  529759  59  S9  20
20160325  529759  62 S18  17
20160325  529759  63 S17  16
20160325  529759  64 S16  15
20160325  529759  65 S15  14
20160325  529759  68 S23  11
20160325  529759  69 S22  10
20160325  529759  70 S21   9
20160325  529760  11  N7  38
20160325  529760  12  N6  37
20160325  529760  13  N5  36
20160325  529760  14  N4  35
20160325  529760  15  N3  34
20160325  529760  16  N2  33
20160325  529760  18 N13  44
20160325  529760  19 N12  43
20160325  529760  20 N11  42
20160325  529760  21 N10  41
20160325  529760  22  N9  40
20160325  529760  25 N18  49
20160325  529760  26 N17  48
20160325  529760  27 N16  47
20160325  529760  28 N15  46
20160325  529760  31 N23  54
20160325  529760  32 N22  53
20160325  529760  33 N21  52
20160325  529760  48  S7  31
20160325  529760  49  S6  30
20160325  529760  50  S5  29
20160325  529760  51  S4  28
20160325  529760  52  S3  27
20160325  529760  53  S2  26
20160325  529760  55 S13  24
20160325  529760  56 S12  23
20160325  529760  57 S11  22
20160325  529760  58 S10  21
20160325  529760  59  S9  20
20160325  529760  61 S19  18
20160325  529760  62 S18  17
20160325  529760  63 S17  16
20160325  529760  64 S16  15
20160325  529760  65 S15  14
20160325  529760  67 S24  12
20160325  529760  68 S23  11
20160325  529760  69 S22  10
20160325  529760  70 S21   9
20160325  529760  73 S28   7
20160325  529760  74 S27   6
20160325  529794  38 N26  57
20160325  529795  64 S16  15
20160325  529795  70 S21   9
20160325  529795  75 S26   5
20160325  529795  80 S30   2
20160325  529796  75 S26   5
20160325  529796  80 S30   2
20160325  529818  18 N13  44
20160325  529819  52  S3  27
20160325  529819  53  S2  26
20160325  529819  58 S10  21
20160325  529819  59  S9  20
20160325  529819  60  S8  19
20160325  529819  65 S15  14
20160325  529820  53  S2  26
20160325  529820  59  S9  20
20160326  530001  32 N22  53
20160326  530001  37 N27  58
20160326  530001  38 N26  57
20160326  530001  43 N30  61
20160326  530001  57 S11  22
20160326  530001  58 S10  21
20160326  530001  63 S17  16
20160326  530001  64 S16  15
20160326  530001  69 S22  10
20160326  530002  32 N22  53
20160326  530002  37 N27  58
20160326  530002  38 N26  57
20160326  530018  68 S23  11
20160326  530018  73 S28   7
20160326  530034  20 N11  42
20160326  530034  21 N10  41
20160326  530035  20 N11  42
20160326  530035  21 N10  41
20160326  530235  11  N7  38
20160326  530235  48  S7  31
20160326  530250  70 S21   9
20160326  530250  75 S26   5
20160326  530250  80 S30   2
20160326  530250  81 S29   1
20160326  530251  75 S26   5
20160326  530251  80 S30   2
20160326  530251  81 S29   1
20160326  530254  44 N29  60
20160326  530255  38 N26  57
20160326  530255  44 N29  60
20160326  530258  17  N1  32
20160326  530258  54  S1  25
20160326  530261  16  N2  33
20160326  530261  17  N1  32
20160326  530261  53  S2  26
20160326  530261  54  S1  25
20160326  530272  11  N7  38
20160326  530272  12  N6  37
20160326  530272  18 N13  44
20160326  530308  52  S3  27
20160326  530308  53  S2  26
20160326  530308  59  S9  20
20160326  530308  60  S8  19
20160326  530308  65 S15  14
20160326  530308  66 S14  13
20160326  530309  60  S8  19
20160326  530309  66 S14  13
20160326  530388  30 N24  55
20160326  530389  68 S23  11
20160326  530389  73 S28   7
20160326  530389  74 S27   6
20160326  530389  79 S31   3
20160326  530390  73 S28   7
20160326  530390  74 S27   6
20160326  530390  79 S31   3
20160326  530407  33 N21  52
20160326  530407  34 N20  51
20160326  530407  39 N25  56
20160326  530420  29 N14  45
20160326  530420  34 N20  51
20160326  530438  12  N6  37
20160326  530438  13  N5  36
20160326  530438  14  N4  35
20160326  530438  15  N3  34
20160326  530438  16  N2  33
20160326  530438  19 N12  43
20160326  530438  20 N11  42
20160326  530438  21 N10  41
20160326  530438  22  N9  40
20160326  530438  23  N8  39
20160326  530438  25 N18  49
20160326  530438  26 N17  48
20160326  530438  27 N16  47
20160326  530438  28 N15  46
20160326  530438  31 N23  54
20160326  530438  32 N22  53
20160326  530438  33 N21  52
20160326  530438  49  S6  30
20160326  530438  50  S5  29
20160326  530438  51  S4  28
20160326  530438  52  S3  27
20160326  530438  53  S2  26
20160326  530438  56 S12  23
20160326  530438  57 S11  22
20160326  530438  58 S10  21
20160326  530438  59  S9  20
20160326  530438  62 S18  17
20160326  530438  63 S17  16
20160326  530438  64 S16  15
20160326  530438  65 S15  14
20160326  530438  68 S23  11
20160326  530438  69 S22  10
20160326  530438  70 S21   9
20160326  530439  11  N7  38
20160326  530439  12  N6  37
20160326  530439  13  N5  36
20160326  530439  14  N4  35
20160326  530439  15  N3  34
20160326  530439  16  N2  33
20160326  530439  18 N13  44
20160326  530439  19 N12  43
20160326  530439  20 N11  42
20160326  530439  21 N10  41
20160326  530439  22  N9  40
20160326  530439  24 N19  50
20160326  530439  25 N18  49
20160326  530439  26 N17  48
20160326  530439  27 N16  47
20160326  530439  28 N15  46
20160326  530439  31 N23  54
20160326  530439  32 N22  53
20160326  530439  33 N21  52
20160326  530439  48  S7  31
20160326  530439  49  S6  30
20160326  530439  50  S5  29
20160326  530439  51  S4  28
20160326  530439  52  S3  27
20160326  530439  53  S2  26
20160326  530439  55 S13  24
20160326  530439  56 S12  23
20160326  530439  57 S11  22
20160326  530439  58 S10  21
20160326  530439  59  S9  20
20160326  530439  61 S19  18
20160326  530439  62 S18  17
20160326  530439  63 S17  16
20160326  530439  64 S16  15
20160326  530439  65 S15  14
20160326  530439  67 S24  12
20160326  530439  68 S23  11
20160326  530439  69 S22  10
20160326  530439  70 S21   9
20160326  530439  73 S28   7
20160326  530439  74 S27   6
20160407  535206  11  N7  38
20160407  535206  48  S7  31
20160407  535210  54  S1  25
20160407  535229  24 N19  50
20160407  535229  30 N24  55
20160407  535300  62 S18  17
20160408  535689  49  S6  30
20160408  535689  55 S13  24
20160408  535689  56 S12  23
20160409  536105  71 S20   8
20160409  536105  75 S26   5
20160409  536105  76 S25   4
20160409  536109  55 S13  24
20160410  536448  18 N13  44
20160410  536448  24 N19  50
20160410  536450  17  N1  32
20160410  536450  23  N8  39
20160426  537358  64 S16  15
20160511  541268  31 N23  54
20160511  541268  36 N28  59
20160511  541268  37 N27  58
20160511  541268  42 N31  62
20160511  541268  58 S10  21
20160511  541268  64 S16  15
20160511  541268  69 S22  10
20160511  541268  70 S21   9
20160511  541269  26 N17  48
20160511  541269  31 N23  54
20160511  541269  32 N22  53
20160511  541269  36 N28  59
20160511  541269  37 N27  58
20160511  541269  42 N31  62
20160511  541270  36 N28  59
20160511  541270  37 N27  58
20160511  541270  42 N31  62
20160511  541273  37 N27  58
20160511  541273  38 N26  57
20160511  541273  42 N31  62
20160511  541273  43 N30  61
20160511  541273  63 S17  16
20160511  541273  64 S16  15
20160511  541273  69 S22  10
20160511  541273  70 S21   9
20160511  541274  32 N22  53
20160511  541274  37 N27  58
20160511  541274  38 N26  57
20160511  541274  42 N31  62
20160511  541274  43 N30  61
20160511  541275  37 N27  58
20160511  541275  42 N31  62
20160511  541275  43 N30  61
20160511  541278  30 N24  55
20160511  541278  31 N23  54
20160511  541278  36 N28  59
20160511  541278  37 N27  58
20160511  541278  58 S10  21
20160511  541278  59  S9  20
20160511  541278  64 S16  15
20160511  541278  65 S15  14
20160511  541278  69 S22  10
20160511  541278  70 S21   9
20160511  541279  25 N18  49
20160511  541279  26 N17  48
20160511  541279  30 N24  55
20160511  541279  31 N23  54
20160511  541279  36 N28  59
20160511  541279  37 N27  58
20160511  541280  30 N24  55
20160511  541280  31 N23  54
20160511  541280  36 N28  59
20160511  541283  31 N23  54
20160511  541283  36 N28  59
20160511  541283  37 N27  58
20160511  541283  42 N31  62
20160511  541283  58 S10  21
20160511  541283  64 S16  15
20160511  541283  69 S22  10
20160511  541283  70 S21   9
20160511  541284  31 N23  54
20160511  541284  36 N28  59
20160511  541284  37 N27  58
20160511  541284  42 N31  62
20160511  541284  58 S10  21
20160511  541284  64 S16  15
20160511  541284  69 S22  10
20160511  541284  70 S21   9
20160511  541285  31 N23  54
20160511  541285  36 N28  59
20160511  541285  37 N27  58
20160511  541285  42 N31  62
20160511  541285  58 S10  21
20160511  541285  64 S16  15
20160511  541285  69 S22  10
20160511  541285  70 S21   9
20160511  541286  26 N17  48
20160511  541286  31 N23  54
20160511  541286  32 N22  53
20160511  541286  36 N28  59
20160511  541286  37 N27  58
20160511  541286  42 N31  62
20160511  541287  26 N17  48
20160511  541287  31 N23  54
20160511  541287  32 N22  53
20160511  541287  36 N28  59
20160511  541287  37 N27  58
20160511  541287  42 N31  62
20160511  541288  26 N17  48
20160511  541288  31 N23  54
20160511  541288  32 N22  53
20160511  541288  36 N28  59
20160511  541288  37 N27  58
20160511  541288  42 N31  62
20160511  541289  36 N28  59
20160511  541289  37 N27  58
20160511  541289  42 N31  62
20160511  541290  36 N28  59
20160511  541290  37 N27  58
20160511  541290  42 N31  62
20160511  541291  36 N28  59
20160511  541291  37 N27  58
20160511  541291  42 N31  62
20160513  541845  25 N18  49
20160513  541845  26 N17  48
20160514  542000  15  N3  34
20160514  542000  52  S3  27
20160517  542556  21 N10  41
20160517  542556  22  N9  40
20160517  542556  27 N16  47
20160517  542556  28 N15  46
20160517  542610  16  N2  33
20160525  545116  70 S21   9
20160525  545116  75 S26   5
20160525  545150  12  N6  37
20160525  545150  13  N5  36
20160525  545150  14  N4  35
20160525  545150  15  N3  34
20160525  545150  16  N2  33
20160525  545150  18 N13  44
20160525  545150  19 N12  43
20160525  545150  20 N11  42
20160525  545150  21 N10  41
20160525  545150  22  N9  40
20160525  545150  25 N18  49
20160525  545150  26 N17  48
20160525  545150  27 N16  47
20160525  545150  28 N15  46
20160525  545150  30 N24  55
20160525  545150  31 N23  54
20160525  545150  32 N22  53
20160525  545150  33 N21  52
20160525  545150  49  S6  30
20160525  545150  50  S5  29
20160525  545150  51  S4  28
20160525  545150  52  S3  27
20160525  545150  56 S12  23
20160525  545150  57 S11  22
20160525  545150  58 S10  21
20160525  545150  59  S9  20
20160525  545150  62 S18  17
20160525  545150  63 S17  16
20160525  545150  64 S16  15
20160525  545151  12  N6  37
20160525  545151  13  N5  36
20160525  545151  14  N4  35
20160525  545151  15  N3  34
20160525  545151  16  N2  33
20160525  545151  18 N13  44
20160525  545151  19 N12  43
20160525  545151  20 N11  42
20160525  545151  21 N10  41
20160525  545151  22  N9  40
20160525  545151  25 N18  49
20160525  545151  26 N17  48
20160525  545151  27 N16  47
20160525  545151  28 N15  46
20160525  545151  30 N24  55
20160525  545151  31 N23  54
20160525  545151  32 N22  53
20160525  545151  33 N21  52
20160525  545151  49  S6  30
20160525  545151  50  S5  29
20160525  545151  51  S4  28
20160525  545151  52  S3  27
20160525  545151  56 S12  23
20160525  545151  57 S11  22
20160525  545151  58 S10  21
20160525  545151  59  S9  20
20160525  545151  62 S18  17
20160525  545151  63 S17  16
20160525  545151  64 S16  15
20160525  545152  39 N25  56
20160525  545153  39 N25  56
20160606  547159  43 N30  61
20160606  547174  49  S6  30
20160606  547174  55 S13  24
20160606  547174  56 S12  23
20160606  547274  65 S15  14
20160606  547274  71 S20   8
20160606  547274  75 S26   5
20160606  547274  76 S25   4
20160606  547385  60  S8  19
20160606  547385  66 S14  13
20160606  547386  60  S8  19
20160606  547386  66 S14  13
20160606  547387  60  S8  19
20160606  547387  66 S14  13
20160606  547389  60  S8  19
20160606  547389  66 S14  13
20160606  547390  60  S8  19
20160606  547390  66 S14  13
20160606  547391  60  S8  19
20160606  547391  66 S14  13
20160606  547392  30 N24  55
20160606  547392  65 S15  14
20160606  547392  66 S14  13
20160606  547392  70 S21   9
20160606  547392  71 S20   8
20160606  547393  30 N24  55
20160606  547393  36 N28  59
20160606  547393  65 S15  14
20160606  547393  66 S14  13
20160606  547393  70 S21   9
20160606  547393  71 S20   8
20160606  547395  30 N24  55
20160606  547395  36 N28  59
20160606  547395  65 S15  14
20160606  547395  66 S14  13
20160606  547395  70 S21   9
20160606  547395  71 S20   8
20160606  547395  75 S26   5
20160606  547396  25 N18  49
20160606  547396  30 N24  55
20160606  547397  25 N18  49
20160606  547397  30 N24  55
20160606  547397  36 N28  59
20160606  547398  25 N18  49
20160606  547398  30 N24  55
20160606  547398  31 N23  54
20160606  547399  25 N18  49
20160606  547399  30 N24  55
20160606  547399  31 N23  54
20160606  547399  36 N28  59
20160606  547548  66 S14  13
20160606  547548  71 S20   8
20160606  547549  66 S14  13
20160606  547549  71 S20   8
20160606  547550  66 S14  13
20160606  547550  71 S20   8
20160606  547551  66 S14  13
20160606  547551  71 S20   8
20160607  547747  73 S28   7
20160607  547747  79 S31   3
20160607  547748  73 S28   7
20160607  547748  79 S31   3
20160607  547749  39 N25  56
20160607  547750  39 N25  56
20160607  547822  32 N22  53
20160607  547822  38 N26  57
20160607  547822  43 N30  61
20160607  547822  44 N29  60
20160607  547823  43 N30  61
20160608  548256  37 N27  58
20160608  548256  42 N31  62
20160608  548256  75 S26   5
20160608  548256  80 S30   2
20160608  548256  81 S29   1
20160608  548257  11  N7  38
20160608  548257  12  N6  37
20160608  548257  13  N5  36
20160608  548257  14  N4  35
20160608  548257  15  N3  34
20160608  548257  16  N2  33
20160608  548257  18 N13  44
20160608  548257  19 N12  43
20160608  548257  20 N11  42
20160608  548257  21 N10  41
20160608  548257  22  N9  40
20160608  548257  24 N19  50
20160608  548257  25 N18  49
20160608  548257  26 N17  48
20160608  548257  27 N16  47
20160608  548257  28 N15  46
20160608  548257  30 N24  55
20160608  548257  31 N23  54
20160608  548257  32 N22  53
20160608  548257  33 N21  52
20160608  548257  36 N28  59
20160608  548257  37 N27  58
20160608  548257  38 N26  57
20160608  548257  42 N31  62
20160608  548257  43 N30  61
20160608  548257  49  S6  30
20160608  548257  50  S5  29
20160608  548257  51  S4  28
20160608  548257  52  S3  27
20160608  548257  53  S2  26
20160608  548257  56 S12  23
20160608  548257  57 S11  22
20160608  548257  58 S10  21
20160608  548257  59  S9  20
20160608  548257  62 S18  17
20160608  548257  63 S17  16
20160608  548257  64 S16  15
20160608  548257  65 S15  14
20160608  548257  68 S23  11
20160608  548257  69 S22  10
20160608  548257  70 S21   9
20160608  548257  71 S20   8
20160608  548258  11  N7  38
20160608  548258  12  N6  37
20160608  548258  13  N5  36
20160608  548258  14  N4  35
20160608  548258  15  N3  34
20160608  548258  16  N2  33
20160608  548258  18 N13  44
20160608  548258  19 N12  43
20160608  548258  20 N11  42
20160608  548258  21 N10  41
20160608  548258  22  N9  40
20160608  548258  24 N19  50
20160608  548258  25 N18  49
20160608  548258  26 N17  48
20160608  548258  27 N16  47
20160608  548258  28 N15  46
20160608  548258  30 N24  55
20160608  548258  31 N23  54
20160608  548258  32 N22  53
20160608  548258  33 N21  52
20160608  548258  36 N28  59
20160608  548258  37 N27  58
20160608  548258  38 N26  57
20160608  548258  42 N31  62
20160608  548258  43 N30  61
20160608  548258  48  S7  31
20160608  548258  49  S6  30
20160608  548258  50  S5  29
20160608  548258  51  S4  28
20160608  548258  52  S3  27
20160608  548258  53  S2  26
20160608  548258  56 S12  23
20160608  548258  57 S11  22
20160608  548258  58 S10  21
20160608  548258  59  S9  20
20160608  548258  60  S8  19
20160608  548258  62 S18  17
20160608  548258  63 S17  16
20160608  548258  64 S16  15
20160608  548258  65 S15  14
20160608  548258  68 S23  11
20160608  548258  69 S22  10
20160608  548258  70 S21   9
20160608  548258  71 S20   8
20160608  548258  74 S27   6
20160608  548258  75 S26   5
20160608  548298  33 N21  52
20160608  548298  38 N26  57
20160608  548298  39 N25  56
20160608  548298  44 N29  60
20160608  548301  27 N16  47
20160608  548301  28 N15  46
20160608  548301  33 N21  52
20160608  548389  60  S8  19
20160609  548557  13  N5  36
20160609  548557  14  N4  35
20160609  548557  20 N11  42
20160626  549146  66 S14  13
20160626  549146  71 S20   8
20160626  549147  66 S14  13
20160626  549147  71 S20   8
20160626  549148  66 S14  13
20160626  549148  71 S20   8
20160626  549149  66 S14  13
20160626  549149  71 S20   8
20160626  549150  66 S14  13
20160626  549150  71 S20   8
20160626  549151  66 S14  13
20160626  549151  71 S20   8
20160626  549152  66 S14  13
20160626  549152  71 S20   8
20160626  549178  66 S14  13
20160626  549178  71 S20   8
20160626  549179  66 S14  13
20160626  549179  71 S20   8
20160626  549180  66 S14  13
20160626  549180  71 S20   8
20160627  549351  70 S21   9
20160627  549351  75 S26   5
20160627  549541  75 S26   5
20160627  549541  80 S30   2
20160627  549541  81 S29   1
20160627  549543  24 N19  50
20160629  550317  16  N2  33
20160629  550317  23  N8  39
20160629  550317  28 N15  46
20160629  550317  29 N14  45
20160629  550317  55 S13  24
20160629  550317  61 S19  18
20160629  550318  55 S13  24
20160629  550318  56 S12  23
20160629  550318  61 S19  18
20160629  550319  32 N22  53
20160629  550319  33 N21  52
20160629  550319  38 N26  57
20160629  550319  57 S11  22
20160629  550319  58 S10  21
20160629  550319  63 S17  16
20160629  550319  64 S16  15
20160629  550320  27 N16  47
20160629  550320  32 N22  53
20160629  550320  33 N21  52
20160629  550320  38 N26  57
20160629  550320  39 N25  56
20160629  550387  57 S11  22
20160629  550387  58 S10  21
20160629  550387  63 S17  16
20160629  550387  64 S16  15
20160629  550458  20 N11  42
20160629  550458  21 N10  41
20160705  551689  42 N31  62
20160706  551998  37 N27  58
20160706  551998  42 N31  62
20160706  551999  37 N27  58
20160706  551999  42 N31  62
20160706  552000  37 N27  58
20160706  552000  42 N31  62
20160706  552001  37 N27  58
20160706  552001  42 N31  62
20160706  552002  37 N27  58
20160706  552002  42 N31  62
20160706  552003  37 N27  58
20160706  552003  42 N31  62
20160706  552004  37 N27  58
20160706  552004  42 N31  62
20160706  552004  43 N30  61
20160706  552005  37 N27  58
20160706  552005  42 N31  62
20160706  552006  36 N28  59
20160706  552006  37 N27  58
20160706  552007  36 N28  59
20160706  552007  37 N27  58
20160706  552007  42 N31  62
20160706  552008  37 N27  58
20160706  552008  42 N31  62
20160706  552008  43 N30  61
20160706  552009  37 N27  58
20160706  552010  36 N28  59
20160706  552010  37 N27  58
20160706  552010  42 N31  62
20160706  552011  32 N22  53
20160706  552011  37 N27  58
20160706  552011  38 N26  57
20160706  552011  43 N30  61
20160706  552011  44 N29  60
20160706  552013  30 N24  55
20160706  552013  36 N28  59
20160706  552027  42 N31  62
20160706  552027  80 S30   2
20160706  552027  81 S29   1
20160709  552539  12  N6  37
20160709  552539  13  N5  36
20160709  552539  15  N3  34
20160709  552539  16  N2  33
20160709  552539  19 N12  43
20160709  552539  20 N11  42
20160709  552539  21 N10  41
20160709  552539  22  N9  40
20160709  552539  25 N18  49
20160709  552539  26 N17  48
20160709  552539  27 N16  47
20160709  552539  28 N15  46
20160709  552539  31 N23  54
20160709  552539  32 N22  53
20160709  552539  33 N21  52
20160709  552539  37 N27  58
20160709  552539  38 N26  57
20160709  552539  43 N30  61
20160709  552539  49  S6  30
20160709  552539  50  S5  29
20160709  552539  52  S3  27
20160709  552539  53  S2  26
20160709  552539  56 S12  23
20160709  552539  57 S11  22
20160709  552539  58 S10  21
20160709  552539  59  S9  20
20160709  552539  62 S18  17
20160709  552539  63 S17  16
20160709  552539  64 S16  15
20160709  552539  65 S15  14
20160709  552539  69 S22  10
20160709  552539  79 S31   3
20160709  552539  80 S30   2
20160717  552924  30 N24  55
20160717  552924  65 S15  14
20160717  552924  66 S14  13
20160717  552924  71 S20   8
20160717  552925  25 N18  49
20160717  552925  30 N24  55
20160717  552926  30 N24  55
20160717  552936  30 N24  55
20160717  552936  65 S15  14
20160717  552936  66 S14  13
20160717  552936  70 S21   9
20160717  552936  71 S20   8
20160717  552937  25 N18  49
20160717  552937  30 N24  55
20160717  552938  30 N24  55
20160719  553216  66 S14  13
20160719  553216  71 S20   8
20160719  553217  66 S14  13
20160719  553217  71 S20   8
20160719  553218  66 S14  13
20160719  553218  71 S20   8
20160719  553219  66 S14  13
20160719  553219  71 S20   8
20160719  553220  66 S14  13
20160719  553220  71 S20   8
20160719  553221  66 S14  13
20160719  553221  71 S20   8
20160719  553222  66 S14  13
20160719  553222  71 S20   8
20160721  553756  16  N2  33
20160721  553756  23  N8  39
20160721  553797  21 N10  41
20160721  553797  22  N9  40
20160721  553797  27 N16  47
20160721  553797  28 N15  46
20160723  554078  36 N28  59
20160723  554078  42 N31  62
20160723  554080  36 N28  59
20160723  554080  42 N31  62
20160723  554175  71 S20   8
20160723  554175  75 S26   5
20160723  554175  76 S25   4
