#date     expnum ccd id ccdnum
20170802  664543  66 S14  13
20170802  664543  71 S20   8
20170802  664543  76 S25   4
20170802  664543  75 S26   5
20170802  664543  80 S30   2
20170802  664544  75 S26   5
20170802  664544  80 S30   2
20170802  664545  42 N31  62
20170802  664546  42 N31  62
20170803  665155  13  N5  36
20170803  665155  19 N12  43
20170803  665156  13  N5  36
20170803  665156  19 N12  43
20170803  665157  13  N5  36
20170803  665157  19 N12  43
20170803  665158  13  N5  36
20170803  665158  19 N12  43
20170804  665330  30 N24  55
20170804  665330  65 S15  14
20170804  665330  66 S14  13
20170804  665330  70 S21   9
20170804  665330  71 S20   8
20170804  665331  25 N18  49
20170804  665331  30 N24  55
20170804  665332  30 N24  55
20170804  665671  13  N5  36
20170804  665671  19 N12  43
20170804  665672  13  N5  36
20170804  665672  19 N12  43
20170804  665673  13  N5  36
20170804  665673  19 N12  43
20170804  665674  13  N5  36
20170804  665674  19 N12  43
20170805  665942  61 S19  18
20170805  665942  62 S18  17
20170805  665942  67 S24  12
20170805  665993  75 S26   5
20170805  665993  80 S30   2
20170805  666008  25 N18  49
20170805  666008  31 N23  54
20170806  666206  37 N27  58
20170806  666206  42 N31  62
20170806  666206  43 N30  61
20170806  666348  29 N14  45
20170815  667673  15  N3  34
20170815  667673  16  N2  33
20170815  667673  21 N10  41
20170815  667673  22  N9  40
20170815  667673  28 N15  46
20170816  667927  24 N19  50
20170816  667928  27 N16  47
20170816  667928  28 N15  46
20170816  667928  33 N21  52
20170816  667929  75 S26   5
20170816  667929  80 S30   2
20170816  667929  81 S29   1
20170816  668089  12  N6  37
20170816  668089  13  N5  36
20170816  668089  19 N12  43
20170816  668089  20 N11  42
20170819  669403  18 N13  44
20170819  669403  19 N12  43
20170819  669403  24 N19  50
20170819  669403  25 N18  49
20170819  669537  15  N3  34
20170819  669537  16  N2  33
20170819  669537  21 N10  41
20170819  669537  22  N9  40
20170819  669537  28 N15  46
20170819  669572  13  N5  36
20170819  669572  19 N12  43
20170819  669572  20 N11  42
20170821  670233  43 N30  61
20170821  670233  44 N29  60
20170822  670837  64 S16  15
20170822  670837  65 S15  14
20170822  670837  69 S22  10
20170822  670837  70 S21   9
20170822  670905  15  N3  34
20170822  670905  16  N2  33
20170822  670905  21 N10  41
20170822  670905  22  N9  40
20170822  670905  28 N15  46
20170822  670940  13  N5  36
20170822  670940  19 N12  43
20170822  670940  20 N11  42
20170823  671216  15  N3  34
20170823  671216  16  N2  33
20170823  671216  21 N10  41
20170823  671216  22  N9  40
20170823  671216  28 N15  46
20170824  671659  15  N3  34
20170824  671659  16  N2  33
20170824  671659  21 N10  41
20170824  671659  22  N9  40
20170824  671659  28 N15  46
20170825  672059  13  N5  36
20170825  672059  19 N12  43
20170825  672059  20 N11  42
20170914  677723  18 N13  44
20170914  677723  19 N12  43
20170914  677723  24 N19  50
20170914  677723  25 N18  49
20170914  677723  30 N24  55
20170914  677787  33 N21  52
20170914  677787  34 N20  51
20170914  677787  39 N25  56
20170915  677952  74 S27   6
20170915  677952  79 S31   3
20170915  677952  80 S30   2
20170915  678079  16  N2  33
20170915  678079  53  S2  26
20170916  678260  73 S28   7
20170916  678260  79 S31   3
20170916  678261  44 N29  60
20170916  678419  17  N1  32
20170916  678419  23  N8  39
20170916  678419  29 N14  45
20170919  679540  73 S28   7
20170919  679540  79 S31   3
20170919  679640  16  N2  33
20170919  679640  22  N9  40
20170919  679640  23  N8  39
20170919  679640  53  S2  26
20170920  679869  18 N13  44
20170920  679869  24 N19  50
20170921  680114  44 N29  60
20170921  680168  32 N22  53
20170921  680168  33 N21  52
20170921  680172  23  N8  39
20170921  680172  29 N14  45
20171023  690153  12  N6  37
20171023  690153  13  N5  36
20171023  690153  15  N3  34
20171023  690153  16  N2  33
20171023  690153  19 N12  43
20171023  690153  20 N11  42
20171023  690153  21 N10  41
20171023  690153  22  N9  40
20171023  690153  23  N8  39
20171023  690153  25 N18  49
20171023  690153  26 N17  48
20171023  690153  27 N16  47
20171023  690153  28 N15  46
20171023  690153  31 N23  54
20171023  690153  32 N22  53
20171023  690153  33 N21  52
20171023  690153  37 N27  58
20171023  690153  38 N26  57
20171023  690153  39 N25  56
20171023  690153  43 N30  61
20171023  690153  44 N29  60
20171023  690153  49  S6  30
20171023  690153  50  S5  29
20171023  690153  52  S3  27
20171023  690153  53  S2  26
20171023  690153  56 S12  23
20171023  690153  57 S11  22
20171023  690153  58 S10  21
20171023  690153  59  S9  20
20171023  690153  62 S18  17
20171023  690153  63 S17  16
20171023  690153  64 S16  15
20171023  690153  65 S15  14
20171023  690153  68 S23  11
20171023  690153  69 S22  10
20171023  690153  74 S27   6
20171023  690253  17  N1  32
20171023  690253  54  S1  25
20171023  690277  76 S25   4
20171024  690432  75 S26   5
20171024  690432  80 S30   2
20171024  690457  25 N18  49
20171024  690516  27 N16  47
20171024  690516  32 N22  53
20171024  690516  33 N21  52
20171110  694923  16  N2  33
20171110  694923  22  N9  40
20171110  694923  23  N8  39
20171111  695338  44 N29  60
20171111  695360  69 S22  10
20171111  695360  70 S21   9
20171111  695360  75 S26   5
20171111  695360  80 S30   2
20171111  695371  42 N31  62
20171111  695435  25 N18  49
20171111  695435  31 N23  54
20171112  695634  26 N17  48
20171112  695634  31 N23  54
20171112  695634  32 N22  53
20171112  695635  26 N17  48
20171112  695635  31 N23  54
20171112  695635  32 N22  53
20171112  695715  80 S30   2
20171112  695731  17  N1  32
20171112  695731  54  S1  25
20171112  695818  11  N7  38
20171112  695818  12  N6  37
20171112  695818  13  N5  36
20171112  695818  15  N3  34
20171112  695818  16  N2  33
20171112  695818  18 N13  44
20171112  695818  19 N12  43
20171112  695818  20 N11  42
20171112  695818  21 N10  41
20171112  695818  22  N9  40
20171112  695818  24 N19  50
20171112  695818  25 N18  49
20171112  695818  26 N17  48
20171112  695818  27 N16  47
20171112  695818  28 N15  46
20171112  695818  30 N24  55
20171112  695818  31 N23  54
20171112  695818  32 N22  53
20171112  695818  33 N21  52
20171112  695818  49  S6  30
20171112  695818  50  S5  29
20171112  695818  52  S3  27
20171112  695818  53  S2  26
20171112  695818  55 S13  24
20171112  695818  56 S12  23
20171112  695818  57 S11  22
20171112  695818  58 S10  21
20171112  695818  59  S9  20
20171112  695818  60  S8  19
20171112  695818  62 S18  17
20171112  695818  63 S17  16
20171112  695818  64 S16  15
20171112  695818  65 S15  14
20171112  695818  66 S14  13
20171112  695818  68 S23  11
20171112  695818  69 S22  10
20171112  695820  12  N6  37
20171112  695820  13  N5  36
20171112  695820  15  N3  34
20171112  695820  16  N2  33
20171112  695820  19 N12  43
20171112  695820  20 N11  42
20171112  695820  21 N10  41
20171112  695820  22  N9  40
20171112  695820  25 N18  49
20171112  695820  26 N17  48
20171112  695820  27 N16  47
20171112  695820  28 N15  46
20171112  695820  30 N24  55
20171112  695820  31 N23  54
20171112  695820  36 N28  59
20171112  695820  37 N27  58
20171112  695820  49  S6  30
20171112  695820  50  S5  29
20171112  695820  52  S3  27
20171112  695820  53  S2  26
20171112  695820  56 S12  23
20171112  695820  57 S11  22
20171112  695820  58 S10  21
20171112  695820  59  S9  20
20171112  695820  60  S8  19
20171112  695820  62 S18  17
20171112  695820  63 S17  16
20171112  695820  64 S16  15
20171112  695820  65 S15  14
20171112  695820  68 S23  11
20171112  695820  69 S22  10
20171112  695820  70 S21   9
20171112  695820  71 S20   8
20171112  695820  74 S27   6
20171112  695820  75 S26   5
20171112  695820  76 S25   4
20171112  695820  80 S30   2
20171112  695820  81 S29   1
20171221  706247  31 N23  54
20171221  706247  36 N28  59
20171221  706247  37 N27  58
20171221  706247  42 N31  62
20171221  706248  70 S21   9
20171221  706248  71 S20   8
20171221  706248  75 S26   5
20171221  706248  76 S25   4
20171221  706248  81 S29   1
20171222  706531  31 N23  54
20171222  706531  36 N28  59
20171222  706531  37 N27  58
20171222  706531  42 N31  62
20171223  706857  70 S21   9
20171223  706857  71 S20   8
20171223  706857  75 S26   5
20171223  706857  76 S25   4
20171223  706857  81 S29   1
20171223  706858  31 N23  54
20171223  706858  36 N28  59
20171223  706858  37 N27  58
20171223  706858  42 N31  62
20171228  707938  11  N7  38
20171228  707938  12  N6  37
20171228  707938  18 N13  44
20171228  707939  24 N19  50
20171228  707939  30 N24  55
20171228  708007  14  N4  35
20171228  708007  51  S4  28
20171228  708008  57 S11  22
20171228  708008  63 S17  16
20171228  708009  13  N5  36
20171228  708011  15  N3  34
20171228  708011  21 N10  41
20171228  708012  52  S3  27
20171230  708573  60  S8  19
20171230  708573  66 S14  13
20171230  708574  16  N2  33
20171230  708574  53  S2  26
20171230  708575  65 S15  14
20171230  708575  70 S21   9
20171230  708575  71 S20   8
20171230  708576  76 S25   4
20171230  708598  14  N4  35
20171230  708598  20 N11  42
20171230  708598  21 N10  41
20171230  708598  26 N17  48
20171230  708598  27 N16  47
20171230  708599  14  N4  35
20171230  708599  15  N3  34
20171230  708599  51  S4  28
20171230  708599  52  S3  27
20171230  708600  21 N10  41
20171230  708600  22  N9  40
20171230  708600  27 N16  47
20171230  708600  28 N15  46
20171230  708600  33 N21  52
20171230  708601  26 N17  48
20171230  708601  27 N16  47
20171230  708601  32 N22  53
20171230  708601  37 N27  58
20171230  708601  38 N26  57
20171230  708602  20 N11  42
20171230  708602  25 N18  49
20171230  708602  26 N17  48
20171230  708602  31 N23  54
20171230  708603  13  N5  36
20171230  708603  14  N4  35
20171230  708603  20 N11  42
20171230  708605  14  N4  35
20171230  708605  20 N11  42
20171230  708605  21 N10  41
20171230  708606  13  N5  36
20171230  708606  14  N4  35
20171230  708606  50  S5  29
20171230  708606  51  S4  28
20171230  708607  20 N11  42
20171230  708607  25 N18  49
20171230  708607  26 N17  48
20171230  708608  27 N16  47
20171230  708608  32 N22  53
20171230  708608  38 N26  57
20171230  708609  21 N10  41
20171230  708609  27 N16  47
20171230  708609  28 N15  46
20171230  708610  14  N4  35
20171230  708610  15  N3  34
20171230  708610  21 N10  41
20171230  708633  60  S8  19
20171230  708633  66 S14  13
20171230  708634  65 S15  14
20171230  708634  66 S14  13
20171230  708634  71 S20   8
20171230  708635  53  S2  26
20171230  708635  54  S1  25
20171230  708635  59  S9  20
20171230  708635  60  S8  19
20171230  708635  66 S14  13
20171230  708636  16  N2  33
20171230  708636  17  N1  32
20171230  708636  53  S2  26
20171230  708636  54  S1  25
20171230  708637  54  S1  25
20171230  708637  60  S8  19
20171230  708640  60  S8  19
20171230  708641  16  N2  33
20171230  708641  17  N1  32
20171230  708641  53  S2  26
20171230  708641  54  S1  25
20171230  708642  59  S9  20
20171230  708642  60  S8  19
20171230  708642  65 S15  14
20171230  708642  66 S14  13
20171230  708642  71 S20   8
20171230  708643  66 S14  13
20171230  708643  71 S20   8
20171230  708645  54  S1  25
20171230  708645  60  S8  19
20180108  710774  38 N26  57
20180108  710774  39 N25  56
20180108  710774  44 N29  60
20180108  710775  38 N26  57
20180108  710775  39 N25  56
20180108  710775  44 N29  60
20180115  712563  73 S28   7
20180115  712563  74 S27   6
20180115  712563  79 S31   3
20180115  712622  38 N26  57
20180115  712622  43 N30  61
20180115  712622  44 N29  60
20180124  715510  80 S30   2
20180124  715522  12  N6  37
20180124  715522  13  N5  36
20180124  715522  14  N4  35
20180124  715522  15  N3  34
20180124  715522  18 N13  44
20180124  715522  19 N12  43
20180124  715522  20 N11  42
20180124  715522  21 N10  41
20180124  715522  25 N18  49
20180124  715522  26 N17  48
20180124  715522  27 N16  47
20180124  715522  49  S6  30
20180124  715522  51  S4  28
20180124  715522  52  S3  27
20180124  715522  55 S13  24
20180124  715522  56 S12  23
20180124  715522  58 S10  21
20180124  715522  59  S9  20
20180124  715522  61 S19  18
20180124  715522  62 S18  17
20180124  715522  63 S17  16
20180124  715522  64 S16  15
20180124  715522  65 S15  14
20180124  715522  67 S24  12
20180124  715522  68 S23  11
20180124  715522  69 S22  10
20180124  715522  70 S21   9
20180124  715522  74 S27   6
20180124  715550  14  N4  35
20180124  715550  15  N3  34
20180124  715550  21 N10  41
20180127  716686  75 S26   5
20180127  716686  80 S30   2
20180202  717030  53  S2  26
20180202  717030  60  S8  19
20180202  717031  53  S2  26
20180202  717031  60  S8  19
20180202  717130  11  N7  38
20180202  717130  12  N6  37
20180202  717130  13  N5  36
20180202  717130  15  N3  34
20180202  717130  16  N2  33
20180202  717130  18 N13  44
20180202  717130  19 N12  43
20180202  717130  20 N11  42
20180202  717130  21 N10  41
20180202  717130  22  N9  40
20180202  717130  25 N18  49
20180202  717130  26 N17  48
20180202  717130  27 N16  47
20180202  717130  28 N15  46
20180202  717130  31 N23  54
20180202  717130  32 N22  53
20180202  717130  33 N21  52
20180202  717130  49  S6  30
20180202  717130  50  S5  29
20180202  717130  52  S3  27
20180202  717130  53  S2  26
20180202  717130  54  S1  25
20180202  717130  55 S13  24
20180202  717130  56 S12  23
20180202  717130  57 S11  22
20180202  717130  58 S10  21
20180202  717130  59  S9  20
20180202  717130  62 S18  17
20180202  717130  63 S17  16
20180202  717130  64 S16  15
20180202  717130  65 S15  14
20180202  717130  68 S23  11
20180202  717130  69 S22  10
20180202  717131  11  N7  38
20180202  717131  12  N6  37
20180202  717131  13  N5  36
20180202  717131  15  N3  34
20180202  717131  18 N13  44
20180202  717131  19 N12  43
20180202  717131  20 N11  42
20180202  717131  21 N10  41
20180202  717131  22  N9  40
20180202  717131  25 N18  49
20180202  717131  26 N17  48
20180202  717131  27 N16  47
20180202  717131  31 N23  54
20180202  717131  32 N22  53
20180202  717131  49  S6  30
20180202  717131  50  S5  29
20180202  717131  52  S3  27
20180202  717131  55 S13  24
20180202  717131  56 S12  23
20180202  717131  57 S11  22
20180202  717131  58 S10  21
20180202  717131  59  S9  20
20180202  717131  62 S18  17
20180202  717131  63 S17  16
20180202  717131  64 S16  15
20180202  717131  68 S23  11
20180202  717131  69 S22  10
20180202  717132  38 N26  57
20180202  717132  39 N25  56
20180202  717132  44 N29  60
20180202  717133  38 N26  57
20180202  717133  39 N25  56
20180202  717133  44 N29  60
20180202  717142  12  N6  37
20180202  717142  13  N5  36
20180202  717142  15  N3  34
20180202  717142  16  N2  33
20180202  717142  19 N12  43
20180202  717142  20 N11  42
20180202  717142  21 N10  41
20180202  717142  22  N9  40
20180202  717142  23  N8  39
20180202  717142  25 N18  49
20180202  717142  26 N17  48
20180202  717142  27 N16  47
20180202  717142  28 N15  46
20180202  717142  32 N22  53
20180202  717142  33 N21  52
20180202  717142  49  S6  30
20180202  717142  50  S5  29
20180202  717142  52  S3  27
20180202  717142  53  S2  26
20180202  717142  56 S12  23
20180202  717142  57 S11  22
20180202  717142  58 S10  21
20180202  717142  59  S9  20
20180202  717142  60  S8  19
20180202  717142  62 S18  17
20180202  717142  63 S17  16
20180202  717142  64 S16  15
20180202  717142  65 S15  14
20180202  717142  66 S14  13
20180202  717142  68 S23  11
20180202  717142  69 S22  10
20180202  717142  70 S21   9
20180202  717142  71 S20   8
20180202  717142  75 S26   5
20180202  717142  76 S25   4
20180202  717143  13  N5  36
20180202  717143  14  N4  35
20180202  717143  15  N3  34
20180202  717143  16  N2  33
20180202  717143  19 N12  43
20180202  717143  20 N11  42
20180202  717143  21 N10  41
20180202  717143  22  N9  40
20180202  717143  25 N18  49
20180202  717143  26 N17  48
20180202  717143  27 N16  47
20180202  717143  28 N15  46
20180202  717143  50  S5  29
20180202  717143  52  S3  27
20180202  717143  53  S2  26
20180202  717143  56 S12  23
20180202  717143  57 S11  22
20180202  717143  58 S10  21
20180202  717143  59  S9  20
20180202  717143  60  S8  19
20180202  717143  62 S18  17
20180202  717143  63 S17  16
20180202  717143  64 S16  15
20180202  717143  65 S15  14
20180202  717143  66 S14  13
20180202  717143  68 S23  11
20180202  717143  69 S22  10
20180202  717143  70 S21   9
20180202  717143  71 S20   8
20180202  717143  75 S26   5
20180202  717143  76 S25   4
20180203  717504  61 S19  18
20180203  717505  61 S19  18
20180203  717512  60  S8  19
20180203  717512  66 S14  13
20180203  717513  60  S8  19
20180203  717513  66 S14  13
20180203  717610  75 S26   5
20180203  717610  80 S30   2
20180203  717611  11  N7  38
20180203  717611  12  N6  37
20180203  717611  13  N5  36
20180203  717611  15  N3  34
20180203  717611  16  N2  33
20180203  717611  18 N13  44
20180203  717611  19 N12  43
20180203  717611  20 N11  42
20180203  717611  21 N10  41
20180203  717611  22  N9  40
20180203  717611  23  N8  39
20180203  717611  25 N18  49
20180203  717611  26 N17  48
20180203  717611  27 N16  47
20180203  717611  31 N23  54
20180203  717611  32 N22  53
20180203  717611  48  S7  31
20180203  717611  49  S6  30
20180203  717611  50  S5  29
20180203  717611  52  S3  27
20180203  717611  53  S2  26
20180203  717611  55 S13  24
20180203  717611  56 S12  23
20180203  717611  57 S11  22
20180203  717611  58 S10  21
20180203  717611  59  S9  20
20180203  717611  62 S18  17
20180203  717611  63 S17  16
20180203  717611  64 S16  15
20180203  717611  68 S23  11
20180203  717611  69 S22  10
20180203  717612  11  N7  38
20180203  717612  12  N6  37
20180203  717612  13  N5  36
20180203  717612  15  N3  34
20180203  717612  16  N2  33
20180203  717612  18 N13  44
20180203  717612  19 N12  43
20180203  717612  20 N11  42
20180203  717612  21 N10  41
20180203  717612  22  N9  40
20180203  717612  23  N8  39
20180203  717612  25 N18  49
20180203  717612  26 N17  48
20180203  717612  27 N16  47
20180203  717612  28 N15  46
20180203  717612  31 N23  54
20180203  717612  32 N22  53
20180203  717612  33 N21  52
20180203  717612  48  S7  31
20180203  717612  49  S6  30
20180203  717612  50  S5  29
20180203  717612  52  S3  27
20180203  717612  53  S2  26
20180203  717612  55 S13  24
20180203  717612  56 S12  23
20180203  717612  57 S11  22
20180203  717612  58 S10  21
20180203  717612  59  S9  20
20180203  717612  62 S18  17
20180203  717612  63 S17  16
20180203  717612  64 S16  15
20180203  717612  65 S15  14
20180203  717612  68 S23  11
20180203  717612  69 S22  10
20180203  717612  70 S21   9
20180203  717627  39 N25  56
20180203  717628  39 N25  56
20180203  717629  13  N5  36
20180203  717629  15  N3  34
20180203  717629  16  N2  33
20180203  717629  19 N12  43
20180203  717629  20 N11  42
20180203  717629  21 N10  41
20180203  717629  22  N9  40
20180203  717629  24 N19  50
20180203  717629  26 N17  48
20180203  717629  27 N16  47
20180203  717629  28 N15  46
20180203  717629  30 N24  55
20180203  717629  36 N28  59
20180203  717629  50  S5  29
20180203  717629  52  S3  27
20180203  717629  53  S2  26
20180203  717629  56 S12  23
20180203  717629  57 S11  22
20180203  717629  58 S10  21
20180203  717629  59  S9  20
20180203  717629  60  S8  19
20180203  717629  62 S18  17
20180203  717629  63 S17  16
20180203  717629  64 S16  15
20180203  717629  65 S15  14
20180203  717629  66 S14  13
20180203  717629  68 S23  11
20180203  717629  69 S22  10
20180203  717629  70 S21   9
20180203  717629  71 S20   8
20180203  717629  76 S25   4
20180203  717630  12  N6  37
20180203  717630  13  N5  36
20180203  717630  15  N3  34
20180203  717630  16  N2  33
20180203  717630  19 N12  43
20180203  717630  20 N11  42
20180203  717630  21 N10  41
20180203  717630  22  N9  40
20180203  717630  23  N8  39
20180203  717630  24 N19  50
20180203  717630  26 N17  48
20180203  717630  27 N16  47
20180203  717630  28 N15  46
20180203  717630  30 N24  55
20180203  717630  32 N22  53
20180203  717630  33 N21  52
20180203  717630  36 N28  59
20180203  717630  49  S6  30
20180203  717630  50  S5  29
20180203  717630  52  S3  27
20180203  717630  53  S2  26
20180203  717630  56 S12  23
20180203  717630  57 S11  22
20180203  717630  58 S10  21
20180203  717630  59  S9  20
20180203  717630  60  S8  19
20180203  717630  62 S18  17
20180203  717630  63 S17  16
20180203  717630  64 S16  15
20180203  717630  65 S15  14
20180203  717630  66 S14  13
20180203  717630  68 S23  11
20180203  717630  69 S22  10
20180203  717630  70 S21   9
20180203  717630  71 S20   8
20180203  717630  75 S26   5
20180203  717630  76 S25   4
20180204  717941  27 N16  47
20180204  717941  32 N22  53
20180204  718011  75 S26   5
20180204  718011  80 S30   2
20180204  718011  81 S29   1
20180205  718334  75 S26   5
20180205  718334  80 S30   2
20180208  719461  38 N26  57
20180208  719461  43 N30  61
20180209  719800  38 N26  57
20180209  719800  43 N30  61
20180211  720516  75 S26   5
20180211  720516  80 S30   2
20180211  720516  81 S29   1
20180211  720556  20 N11  42
20180211  720556  21 N10  41
20180211  720568  20 N11  42
20180211  720568  26 N17  48
20180212  720819  28 N15  46
20180212  720819  33 N21  52
20180214  721543  29 N14  45
20180214  721543  34 N20  51
20180214  721594  12  N6  37
20180214  721594  13  N5  36
20180214  721594  15  N3  34
20180214  721594  16  N2  33
20180214  721594  19 N12  43
20180214  721594  20 N11  42
20180214  721594  21 N10  41
20180214  721594  22  N9  40
20180214  721594  25 N18  49
20180214  721594  26 N17  48
20180214  721594  27 N16  47
20180214  721594  28 N15  46
20180214  721594  32 N22  53
20180214  721594  33 N21  52
20180214  721594  49  S6  30
20180214  721594  50  S5  29
20180214  721594  52  S3  27
20180214  721594  53  S2  26
20180214  721594  55 S13  24
20180214  721594  56 S12  23
20180214  721594  57 S11  22
20180214  721594  58 S10  21
20180214  721594  59  S9  20
20180214  721594  62 S18  17
20180214  721594  63 S17  16
20180214  721594  64 S16  15
20180214  721594  65 S15  14
20180214  721594  67 S24  12
20180214  721594  68 S23  11
20180214  721594  69 S22  10
20180214  721594  70 S21   9
20180214  721594  73 S28   7
20180214  721594  74 S27   6
20180214  721594  75 S26   5
20180214  721594  79 S31   3
20180215  721997  13  N5  36
20180215  721997  14  N4  35
20180215  721998  13  N5  36
20180215  721998  14  N4  35
20180215  721998  20 N11  42
20180215  722010  42 N31  62
20180215  722011  62 S18  17
20180215  722011  63 S17  16
20180215  722011  68 S23  11
20180215  722012  57 S11  22
20180215  722012  62 S18  17
20180215  722012  63 S17  16
20180215  722012  68 S23  11
20180216  722429  14  N4  35
20180216  722429  20 N11  42
20180216  722430  14  N4  35
20180216  722430  20 N11  42
20180216  722443  62 S18  17
20180216  722443  63 S17  16
20180216  722443  68 S23  11
20180216  722444  57 S11  22
20180216  722444  62 S18  17
20180216  722444  63 S17  16
20180216  722444  68 S23  11
20180216  722444  69 S22  10
20180217  722684  48  S7  31
20180217  722687  17  N1  32
20180217  722687  54  S1  25
20180217  722780  57 S11  22
20180217  722784  36 N28  59
20180217  722784  37 N27  58
20180217  722784  42 N31  62
20180218  723076  55 S13  24
20180218  723076  61 S19  18
20180218  723142  71 S20   8
20180218  723142  75 S26   5
20180218  723142  76 S25   4
20180218  723161  12  N6  37
20180218  723161  13  N5  36
20180218  723161  14  N4  35
20180218  723161  15  N3  34
20180218  723161  16  N2  33
20180218  723161  19 N12  43
20180218  723161  20 N11  42
20180218  723161  21 N10  41
20180218  723161  22  N9  40
20180218  723161  25 N18  49
20180218  723161  26 N17  48
20180218  723161  27 N16  47
20180218  723161  28 N15  46
20180218  723161  31 N23  54
20180218  723161  32 N22  53
20180218  723161  33 N21  52
20180218  723161  36 N28  59
20180218  723161  37 N27  58
20180218  723161  38 N26  57
20180218  723161  43 N30  61
20180218  723161  49  S6  30
20180218  723161  50  S5  29
20180218  723161  52  S3  27
20180218  723161  53  S2  26
20180218  723161  56 S12  23
20180218  723161  57 S11  22
20180218  723161  58 S10  21
20180218  723161  59  S9  20
20180218  723161  63 S17  16
20180218  723161  64 S16  15
20180218  723161  74 S27   6
20180218  723161  75 S26   5
20180218  723161  79 S31   3
20180218  723161  80 S30   2
20180218  723161  81 S29   1
20180219  723479  37 N27  58
20180219  723479  42 N31  62
20180219  723479  43 N30  61
20180220  723784  30 N24  55
20180220  723784  31 N23  54
20180220  723784  36 N28  59
20180220  723784  58 S10  21
20180220  723784  59  S9  20
20180220  723784  64 S16  15
20180220  723784  65 S15  14
20180220  723784  70 S21   9
20180221  724143  25 N18  49
20180221  724143  26 N17  48
20180221  724143  30 N24  55
20180221  724143  31 N23  54
20180221  724143  36 N28  59
20180221  724172  48  S7  31
20180221  724172  49  S6  30
20180221  724172  55 S13  24
20180221  724172  61 S19  18
20180221  724176  81 S29   1
20180221  724234  11  N7  38
20180221  724234  12  N6  37
20180221  724234  13  N5  36
20180221  724234  18 N13  44
20180221  724234  19 N12  43
20180221  724234  20 N11  42
20180221  724234  24 N19  50
20180221  724234  25 N18  49
20180221  724234  26 N17  48
20180221  724234  31 N23  54
20180221  724234  32 N22  53
20180221  724234  36 N28  59
20180221  724234  37 N27  58
20180221  724234  42 N31  62
20180221  724234  48  S7  31
20180221  724234  49  S6  30
20180221  724234  50  S5  29
20180221  724234  59  S9  20
20180221  724234  65 S15  14
20180223  724923  37 N27  58
20180223  724923  42 N31  62
20180223  724923  43 N30  61
20180224  725083  26 N17  48
20180224  725152  36 N28  59
20180224  725152  42 N31  62
20180224  725271  81 S29   1
20180225  725455  36 N28  59
20180225  725455  42 N31  62
20180225  725461  64 S16  15
20180225  725461  65 S15  14
20180225  725461  70 S21   9
20180225  725527  12  N6  37
20180225  725527  13  N5  36
20180225  725527  49  S6  30
20180225  725527  50  S5  29
20180225  725528  12  N6  37
20180225  725528  13  N5  36
20180225  725528  49  S6  30
20180225  725528  50  S5  29
20180225  725658  20 N11  42
20180225  725658  26 N17  48
20180225  725669  75 S26   5
20180225  725669  76 S25   4
20180225  725669  81 S29   1
20180225  725670  75 S26   5
20180225  725670  76 S25   4
20180225  725670  80 S30   2
20180225  725670  81 S29   1
20180225  725783  11  N7  38
20180225  725783  12  N6  37
20180225  725783  13  N5  36
20180225  725783  15  N3  34
20180225  725783  18 N13  44
20180225  725783  19 N12  43
20180225  725783  20 N11  42
20180225  725783  21 N10  41
20180225  725783  22  N9  40
20180225  725783  25 N18  49
20180225  725783  26 N17  48
20180225  725783  27 N16  47
20180225  725783  31 N23  54
20180225  725783  32 N22  53
20180225  725783  49  S6  30
20180225  725783  50  S5  29
20180225  725783  52  S3  27
20180225  725783  55 S13  24
20180225  725783  56 S12  23
20180225  725783  57 S11  22
20180225  725783  58 S10  21
20180225  725783  59  S9  20
20180225  725783  62 S18  17
20180225  725783  63 S17  16
20180225  725783  64 S16  15
20180225  725783  68 S23  11
20180225  725783  69 S22  10
20180225  725784  11  N7  38
20180225  725784  12  N6  37
20180225  725784  13  N5  36
20180225  725784  15  N3  34
20180225  725784  16  N2  33
20180225  725784  18 N13  44
20180225  725784  19 N12  43
20180225  725784  20 N11  42
20180225  725784  21 N10  41
20180225  725784  22  N9  40
20180225  725784  25 N18  49
20180225  725784  26 N17  48
20180225  725784  27 N16  47
20180225  725784  28 N15  46
20180225  725784  31 N23  54
20180225  725784  32 N22  53
20180225  725784  33 N21  52
20180225  725784  49  S6  30
20180225  725784  50  S5  29
20180225  725784  52  S3  27
20180225  725784  53  S2  26
20180225  725784  54  S1  25
20180225  725784  55 S13  24
20180225  725784  56 S12  23
20180225  725784  57 S11  22
20180225  725784  58 S10  21
20180225  725784  59  S9  20
20180225  725784  62 S18  17
20180225  725784  63 S17  16
20180225  725784  64 S16  15
20180225  725784  65 S15  14
20180225  725784  68 S23  11
20180225  725784  69 S22  10
20180225  725787  38 N26  57
20180225  725787  39 N25  56
20180225  725787  44 N29  60
20180225  725788  38 N26  57
20180225  725788  39 N25  56
20180225  725788  44 N29  60
20180225  725795  13  N5  36
20180225  725795  14  N4  35
20180225  725795  15  N3  34
20180225  725795  16  N2  33
20180225  725795  19 N12  43
20180225  725795  20 N11  42
20180225  725795  21 N10  41
20180225  725795  22  N9  40
20180225  725795  25 N18  49
20180225  725795  26 N17  48
20180225  725795  27 N16  47
20180225  725795  28 N15  46
20180225  725795  50  S5  29
20180225  725795  52  S3  27
20180225  725795  53  S2  26
20180225  725795  56 S12  23
20180225  725795  57 S11  22
20180225  725795  58 S10  21
20180225  725795  59  S9  20
20180225  725795  60  S8  19
20180225  725795  62 S18  17
20180225  725795  63 S17  16
20180225  725795  64 S16  15
20180225  725795  65 S15  14
20180225  725795  66 S14  13
20180225  725795  68 S23  11
20180225  725795  69 S22  10
20180225  725795  70 S21   9
20180225  725795  71 S20   8
20180225  725795  75 S26   5
20180225  725795  76 S25   4
20180225  725796  12  N6  37
20180225  725796  13  N5  36
20180225  725796  15  N3  34
20180225  725796  16  N2  33
20180225  725796  19 N12  43
20180225  725796  20 N11  42
20180225  725796  21 N10  41
20180225  725796  22  N9  40
20180225  725796  23  N8  39
20180225  725796  25 N18  49
20180225  725796  26 N17  48
20180225  725796  27 N16  47
20180225  725796  28 N15  46
20180225  725796  32 N22  53
20180225  725796  33 N21  52
20180225  725796  49  S6  30
20180225  725796  50  S5  29
20180225  725796  52  S3  27
20180225  725796  53  S2  26
20180225  725796  56 S12  23
20180225  725796  57 S11  22
20180225  725796  58 S10  21
20180225  725796  59  S9  20
20180225  725796  60  S8  19
20180225  725796  62 S18  17
20180225  725796  63 S17  16
20180225  725796  64 S16  15
20180225  725796  65 S15  14
20180225  725796  66 S14  13
20180225  725796  68 S23  11
20180225  725796  69 S22  10
20180225  725796  70 S21   9
20180225  725796  71 S20   8
20180225  725796  75 S26   5
20180225  725796  76 S25   4
20180226  726082  26 N17  48
20180226  726082  31 N23  54
20180226  726131  36 N28  59
20180226  726132  80 S30   2
20180226  726138  64 S16  15
20180226  726198  12  N6  37
20180226  726199  12  N6  37
20180226  726353  25 N18  49
20180226  726353  26 N17  48
20180226  726519  19 N12  43
20180226  726519  20 N11  42
20180226  726520  13  N5  36
20180226  726520  14  N4  35
20180226  726520  15  N3  34
20180226  726520  19 N12  43
20180226  726520  20 N11  42
20180226  726520  25 N18  49
20180226  726520  26 N17  48
20180226  726520  51  S4  28
20180226  726520  52  S3  27
20180226  726520  58 S10  21
20180226  726566  19 N12  43
20180226  726566  20 N11  42
20180227  726727  31 N23  54
20180227  726727  36 N28  59
20180227  726727  37 N27  58
20180227  726733  71 S20   8
20180227  726802  50  S5  29
20180227  726803  50  S5  29
20180227  726930  14  N4  35
20180227  726930  20 N11  42
20180227  726958  81 S29   1
20180227  726959  81 S29   1
20180227  727086  67 S24  12
20180227  727086  73 S28   7
20180227  727087  67 S24  12
20180227  727087  73 S28   7
20180227  727194  12  N6  37
20180227  727194  13  N5  36
20180227  727194  14  N4  35
20180227  727194  15  N3  34
20180227  727194  16  N2  33
20180227  727194  18 N13  44
20180227  727194  19 N12  43
20180227  727194  20 N11  42
20180227  727194  21 N10  41
20180227  727194  22  N9  40
20180227  727194  25 N18  49
20180227  727194  26 N17  48
20180227  727194  27 N16  47
20180227  727194  31 N23  54
20180227  727194  32 N22  53
20180227  727194  48  S7  31
20180227  727194  49  S6  30
20180227  727194  50  S5  29
20180227  727194  51  S4  28
20180227  727194  52  S3  27
20180227  727194  53  S2  26
20180227  727194  55 S13  24
20180227  727194  56 S12  23
20180227  727194  57 S11  22
20180227  727194  58 S10  21
20180227  727194  59  S9  20
20180227  727194  62 S18  17
20180227  727194  63 S17  16
20180227  727194  64 S16  15
20180227  727194  68 S23  11
20180227  727194  69 S22  10
20180227  727195  12  N6  37
20180227  727195  13  N5  36
20180227  727195  15  N3  34
20180227  727195  16  N2  33
20180227  727195  18 N13  44
20180227  727195  19 N12  43
20180227  727195  20 N11  42
20180227  727195  21 N10  41
20180227  727195  22  N9  40
20180227  727195  25 N18  49
20180227  727195  26 N17  48
20180227  727195  27 N16  47
20180227  727195  31 N23  54
20180227  727195  32 N22  53
20180227  727195  48  S7  31
20180227  727195  49  S6  30
20180227  727195  50  S5  29
20180227  727195  51  S4  28
20180227  727195  52  S3  27
20180227  727195  53  S2  26
20180227  727195  55 S13  24
20180227  727195  56 S12  23
20180227  727195  57 S11  22
20180227  727195  58 S10  21
20180227  727195  59  S9  20
20180227  727195  62 S18  17
20180227  727195  63 S17  16
20180227  727195  64 S16  15
20180227  727195  65 S15  14
20180227  727195  68 S23  11
20180227  727195  69 S22  10
20180227  727195  70 S21   9
20180306  727673  14  N4  35
20180306  727673  15  N3  34
20180306  727745  14  N4  35
20180306  727745  15  N3  34
20180306  727745  21 N10  41
20180307  727931  64 S16  15
20180307  727981  73 S28   7
20180307  727982  80 S30   2
20180307  727982  81 S29   1
20180307  727994  12  N6  37
20180307  727994  13  N5  36
20180307  727994  14  N4  35
20180307  727994  15  N3  34
20180307  727994  16  N2  33
20180307  727994  18 N13  44
20180307  727994  19 N12  43
20180307  727994  20 N11  42
20180307  727994  21 N10  41
20180307  727994  22  N9  40
20180307  727994  25 N18  49
20180307  727994  26 N17  48
20180307  727994  27 N16  47
20180307  727994  28 N15  46
20180307  727994  31 N23  54
20180307  727994  32 N22  53
20180307  727994  33 N21  52
20180307  727994  49  S6  30
20180307  727994  50  S5  29
20180307  727994  51  S4  28
20180307  727994  52  S3  27
20180307  727994  53  S2  26
20180307  727994  55 S13  24
20180307  727994  56 S12  23
20180307  727994  57 S11  22
20180307  727994  58 S10  21
20180307  727994  59  S9  20
20180307  727994  61 S19  18
20180307  727994  62 S18  17
20180307  727994  63 S17  16
20180307  727994  64 S16  15
20180307  727994  65 S15  14
20180307  727994  67 S24  12
20180307  727994  68 S23  11
20180307  727994  69 S22  10
20180307  727994  70 S21   9
20180307  727994  74 S27   6
20180307  728066  14  N4  35
20180307  728066  15  N3  34
20180308  728257  37 N27  58
20180308  728257  42 N31  62
20180308  728258  37 N27  58
20180308  728258  42 N31  62
20180308  728258  43 N30  61
20180308  728344  80 S30   2
20180308  728356  12  N6  37
20180308  728356  13  N5  36
20180308  728356  14  N4  35
20180308  728356  15  N3  34
20180308  728356  18 N13  44
20180308  728356  19 N12  43
20180308  728356  20 N11  42
20180308  728356  21 N10  41
20180308  728356  25 N18  49
20180308  728356  26 N17  48
20180308  728356  27 N16  47
20180308  728356  49  S6  30
20180308  728356  51  S4  28
20180308  728356  52  S3  27
20180308  728356  55 S13  24
20180308  728356  56 S12  23
20180308  728356  58 S10  21
20180308  728356  59  S9  20
20180308  728356  61 S19  18
20180308  728356  62 S18  17
20180308  728356  63 S17  16
20180308  728356  64 S16  15
20180308  728356  65 S15  14
20180308  728356  67 S24  12
20180308  728356  68 S23  11
20180308  728356  69 S22  10
20180308  728356  70 S21   9
20180308  728356  74 S27   6
20180308  728428  14  N4  35
20180308  728428  15  N3  34
20180308  728428  21 N10  41
20180309  728623  55 S13  24
20180309  728623  61 S19  18
20180309  728624  55 S13  24
20180309  728624  61 S19  18
20180309  728629  28 N15  46
20180309  728629  34 N20  51
20180309  728630  28 N15  46
20180309  728630  34 N20  51
20180309  728637  80 S30   2
20180309  728638  80 S30   2
20180309  728689  73 S28   7
20180309  728690  80 S30   2
20180309  728690  81 S29   1
20180309  728702  12  N6  37
20180309  728702  13  N5  36
20180309  728702  14  N4  35
20180309  728702  15  N3  34
20180309  728702  16  N2  33
20180309  728702  18 N13  44
20180309  728702  19 N12  43
20180309  728702  20 N11  42
20180309  728702  21 N10  41
20180309  728702  22  N9  40
20180309  728702  25 N18  49
20180309  728702  26 N17  48
20180309  728702  27 N16  47
20180309  728702  28 N15  46
20180309  728702  31 N23  54
20180309  728702  32 N22  53
20180309  728702  33 N21  52
20180309  728702  49  S6  30
20180309  728702  50  S5  29
20180309  728702  51  S4  28
20180309  728702  52  S3  27
20180309  728702  53  S2  26
20180309  728702  55 S13  24
20180309  728702  56 S12  23
20180309  728702  57 S11  22
20180309  728702  58 S10  21
20180309  728702  59  S9  20
20180309  728702  61 S19  18
20180309  728702  62 S18  17
20180309  728702  63 S17  16
20180309  728702  64 S16  15
20180309  728702  65 S15  14
20180309  728702  67 S24  12
20180309  728702  68 S23  11
20180309  728702  69 S22  10
20180309  728702  70 S21   9
20180309  728702  74 S27   6
20180309  728774  14  N4  35
20180309  728774  15  N3  34
20180309  728774  21 N10  41
20180310  728995  43 N30  61
20180310  729051  80 S30   2
20180310  729063  12  N6  37
20180310  729063  13  N5  36
20180310  729063  14  N4  35
20180310  729063  15  N3  34
20180310  729063  18 N13  44
20180310  729063  19 N12  43
20180310  729063  20 N11  42
20180310  729063  21 N10  41
20180310  729063  25 N18  49
20180310  729063  26 N17  48
20180310  729063  27 N16  47
20180310  729063  49  S6  30
20180310  729063  51  S4  28
20180310  729063  52  S3  27
20180310  729063  55 S13  24
20180310  729063  56 S12  23
20180310  729063  58 S10  21
20180310  729063  59  S9  20
20180310  729063  61 S19  18
20180310  729063  62 S18  17
20180310  729063  63 S17  16
20180310  729063  64 S16  15
20180310  729063  65 S15  14
20180310  729063  67 S24  12
20180310  729063  68 S23  11
20180310  729063  69 S22  10
20180310  729063  70 S21   9
20180310  729063  74 S27   6
20180310  729135  14  N4  35
20180310  729135  15  N3  34
20180311  729389  48  S7  31
20180311  729434  13  N5  36
20180311  729434  14  N4  35
20180311  729434  20 N11  42
20180311  729435  13  N5  36
20180311  729435  14  N4  35
20180311  729435  20 N11  42
20180311  729448  76 S25   4
20180311  729457  42 N31  62
20180311  729458  62 S18  17
20180311  729458  63 S17  16
20180311  729458  68 S23  11
20180311  729459  57 S11  22
20180311  729459  62 S18  17
20180311  729459  63 S17  16
20180311  729459  68 S23  11
20180311  729468  67 S24  12
20180311  729468  73 S28   7
20180311  729469  67 S24  12
20180311  729469  73 S28   7
20180311  729486  14  N4  35
20180311  729486  20 N11  42
20180311  729487  14  N4  35
20180311  729487  20 N11  42
20180312  729896  14  N4  35
20180312  729896  20 N11  42
20180312  729897  14  N4  35
20180312  729897  20 N11  42
20180312  729920  62 S18  17
20180312  729920  63 S17  16
20180312  729920  68 S23  11
20180312  729921  57 S11  22
20180312  729921  62 S18  17
20180312  729921  63 S17  16
20180312  729921  68 S23  11
20180312  729930  67 S24  12
20180312  729930  68 S23  11
20180312  729930  73 S28   7
20180312  729931  67 S24  12
20180312  729931  73 S28   7
20180312  729942  13  N5  36
20180312  729942  14  N4  35
20180312  729942  20 N11  42
20180312  729943  13  N5  36
20180312  729943  14  N4  35
20180312  729943  20 N11  42
20180313  730116  64 S16  15
20180313  730263  63 S17  16
20180314  730431  12  N6  37
20180314  730431  13  N5  36
20180314  730431  18 N13  44
20180314  730431  19 N12  43
20180314  730431  49  S6  30
20180314  730445  17  N1  32
20180314  730445  54  S1  25
20180314  730464  55 S13  24
20180314  730464  56 S12  23
20180314  730464  61 S19  18
20180314  730464  62 S18  17
20180314  730465  56 S12  23
20180314  730465  62 S18  17
20180314  730562  37 N27  58
20180314  730562  38 N26  57
20180314  730562  43 N30  61
20180314  730562  44 N29  60
20180315  730761  18 N13  44
20180315  730761  24 N19  50
20180315  730770  12  N6  37
20180315  730770  13  N5  36
20180315  730770  18 N13  44
20180315  730770  19 N12  43
20180315  730770  49  S6  30
20180315  730922  39 N25  56
20180315  730922  67 S24  12
20180315  730922  68 S23  11
20180315  730922  73 S28   7
20180316  731169  70 S21   9
20180316  731169  75 S26   5
20180316  731169  80 S30   2
20180316  731169  81 S29   1
20180316  731170  25 N18  49
20180316  731170  31 N23  54
20180316  731170  36 N28  59
20180316  731170  37 N27  58
20180316  731170  75 S26   5
20180316  731170  76 S25   4
20180316  731170  80 S30   2
20180316  731170  81 S29   1
20180316  731243  37 N27  58
20180316  731243  38 N26  57
20180316  731243  43 N30  61
20180316  731243  44 N29  60
20180316  731244  76 S25   4
20180316  731244  81 S29   1
20180316  731245  76 S25   4
20180316  731245  81 S29   1
20180317  731407  12  N6  37
20180317  731407  13  N5  36
20180317  731407  14  N4  35
20180317  731407  15  N3  34
20180317  731407  16  N2  33
20180317  731407  18 N13  44
20180317  731407  19 N12  43
20180317  731407  20 N11  42
20180317  731407  21 N10  41
20180317  731407  22  N9  40
20180317  731407  24 N19  50
20180317  731407  25 N18  49
20180317  731407  26 N17  48
20180317  731407  27 N16  47
20180317  731407  28 N15  46
20180317  731407  30 N24  55
20180317  731407  31 N23  54
20180317  731407  32 N22  53
20180317  731407  33 N21  52
20180317  731407  49  S6  30
20180317  731407  50  S5  29
20180317  731407  51  S4  28
20180317  731407  52  S3  27
20180317  731407  53  S2  26
20180317  731407  55 S13  24
20180317  731407  56 S12  23
20180317  731407  57 S11  22
20180317  731407  58 S10  21
20180317  731407  59  S9  20
20180317  731407  62 S18  17
20180317  731407  63 S17  16
20180317  731407  64 S16  15
20180317  731407  68 S23  11
20180317  731407  69 S22  10
20180317  731415  34 N20  51
20180317  731415  39 N25  56
20180317  731415  61 S19  18
20180317  731415  67 S24  12
20180317  731415  73 S28   7
20180317  731464  73 S28   7
20180317  731464  74 S27   6
20180317  731464  79 S31   3
20180317  731465  21 N10  41
20180317  731465  22  N9  40
20180317  731465  27 N16  47
20180317  731465  28 N15  46
20180317  731466  21 N10  41
20180317  731466  22  N9  40
20180317  731466  27 N16  47
20180317  731466  28 N15  46
20180317  731466  50  S5  29
20180317  731466  51  S4  28
20180317  731466  57 S11  22
20180317  731466  58 S10  21
20180317  731511  25 N18  49
20180317  731511  31 N23  54
20180317  731581  16  N2  33
20180317  731581  22  N9  40
20180317  731581  23  N8  39
20180317  731582  16  N2  33
20180317  731582  22  N9  40
20180317  731582  23  N8  39
20180317  731629  30 N24  55
20180317  731629  36 N28  59
20180317  731629  75 S26   5
20180317  731629  76 S25   4
20180317  731629  81 S29   1
20180318  731811  73 S28   7
20180318  731811  74 S27   6
20180318  731811  79 S31   3
20180318  731827  56 S12  23
20180318  731827  62 S18  17
20180318  731926  74 S27   6
20180318  731926  79 S31   3
20180318  731926  80 S30   2
20180318  731927  74 S27   6
20180318  731927  79 S31   3
20180318  731927  80 S30   2
20180318  731937  12  N6  37
20180318  731937  13  N5  36
20180318  731937  14  N4  35
20180318  731937  15  N3  34
20180318  731937  16  N2  33
20180318  731937  18 N13  44
20180318  731937  19 N12  43
20180318  731937  20 N11  42
20180318  731937  21 N10  41
20180318  731937  22  N9  40
20180318  731937  24 N19  50
20180318  731937  25 N18  49
20180318  731937  26 N17  48
20180318  731937  27 N16  47
20180318  731937  28 N15  46
20180318  731937  30 N24  55
20180318  731937  31 N23  54
20180318  731937  32 N22  53
20180318  731937  33 N21  52
20180318  731937  36 N28  59
20180318  731937  37 N27  58
20180318  731937  38 N26  57
20180318  731937  39 N25  56
20180318  731937  42 N31  62
20180318  731937  43 N30  61
20180318  731937  44 N29  60
20180318  731937  49  S6  30
20180318  731937  50  S5  29
20180318  731937  51  S4  28
20180318  731937  52  S3  27
20180318  731937  53  S2  26
20180318  731937  56 S12  23
20180318  731937  57 S11  22
20180318  731937  58 S10  21
20180318  731937  59  S9  20
20180318  731937  62 S18  17
20180318  731937  63 S17  16
20180318  731937  64 S16  15
20180318  731937  65 S15  14
20180318  731937  68 S23  11
20180318  731937  69 S22  10
20180318  731937  70 S21   9
20180318  731970  26 N17  48
20180318  731970  27 N16  47
20180318  731970  32 N22  53
20180318  731994  37 N27  58
20180318  731994  43 N30  61
20180318  732015  38 N26  57
20180318  732015  39 N25  56
20180318  732015  44 N29  60
20180318  732015  62 S18  17
20180318  732015  63 S17  16
20180318  732015  68 S23  11
20180318  732015  69 S22  10
20180318  732015  74 S27   6
20180327  732484  14  N4  35
20180327  732485  14  N4  35
20180327  732486  14  N4  35
20180327  732487  14  N4  35
20180327  732515  14  N4  35
20180327  732516  14  N4  35
20180327  732517  14  N4  35
20180327  732518  14  N4  35
20180327  732520  14  N4  35
20180327  732521  14  N4  35
20180327  732522  14  N4  35
20180327  732523  14  N4  35
20180327  732551  14  N4  35
20180327  732552  14  N4  35
20180327  732553  14  N4  35
20180327  732554  14  N4  35
20180328  732807  64 S16  15
20180328  733019  14  N4  35
20180328  733020  14  N4  35
20180328  733021  14  N4  35
20180328  733022  14  N4  35
20180328  733049  14  N4  35
20180328  733050  14  N4  35
20180328  733051  14  N4  35
20180328  733052  14  N4  35
20180328  733074  14  N4  35
20180328  733075  14  N4  35
20180328  733076  14  N4  35
20180328  733077  14  N4  35
20180328  733099  14  N4  35
20180328  733100  14  N4  35
20180328  733101  14  N4  35
20180328  733102  14  N4  35
20180328  733124  14  N4  35
20180328  733125  14  N4  35
20180328  733126  14  N4  35
20180328  733127  14  N4  35
20180406  733328  52  S3  27
20180406  733328  58 S10  21
20180406  733328  59  S9  20
20180406  733336  36 N28  59
20180406  733337  79 S31   3
20180406  733379  80 S30   2
20180406  733391  12  N6  37
20180406  733391  13  N5  36
20180406  733391  14  N4  35
20180406  733391  15  N3  34
20180406  733391  18 N13  44
20180406  733391  19 N12  43
20180406  733391  20 N11  42
20180406  733391  21 N10  41
20180406  733391  25 N18  49
20180406  733391  26 N17  48
20180406  733391  27 N16  47
20180406  733391  49  S6  30
20180406  733391  51  S4  28
20180406  733391  52  S3  27
20180406  733391  55 S13  24
20180406  733391  56 S12  23
20180406  733391  58 S10  21
20180406  733391  59  S9  20
20180406  733391  61 S19  18
20180406  733391  62 S18  17
20180406  733391  63 S17  16
20180406  733391  64 S16  15
20180406  733391  65 S15  14
20180406  733391  67 S24  12
20180406  733391  68 S23  11
20180406  733391  69 S22  10
20180406  733391  70 S21   9
20180406  733391  74 S27   6
20180406  733450  73 S28   7
20180406  733451  80 S30   2
20180406  733451  81 S29   1
20180406  733463  12  N6  37
20180406  733463  13  N5  36
20180406  733463  14  N4  35
20180406  733463  15  N3  34
20180406  733463  16  N2  33
20180406  733463  18 N13  44
20180406  733463  19 N12  43
20180406  733463  20 N11  42
20180406  733463  21 N10  41
20180406  733463  22  N9  40
20180406  733463  25 N18  49
20180406  733463  26 N17  48
20180406  733463  27 N16  47
20180406  733463  28 N15  46
20180406  733463  31 N23  54
20180406  733463  32 N22  53
20180406  733463  33 N21  52
20180406  733463  49  S6  30
20180406  733463  50  S5  29
20180406  733463  51  S4  28
20180406  733463  52  S3  27
20180406  733463  53  S2  26
20180406  733463  55 S13  24
20180406  733463  56 S12  23
20180406  733463  57 S11  22
20180406  733463  58 S10  21
20180406  733463  59  S9  20
20180406  733463  61 S19  18
20180406  733463  62 S18  17
20180406  733463  63 S17  16
20180406  733463  64 S16  15
20180406  733463  65 S15  14
20180406  733463  67 S24  12
20180406  733463  68 S23  11
20180406  733463  69 S22  10
20180406  733463  70 S21   9
20180406  733463  74 S27   6
20180406  733535  14  N4  35
20180406  733535  15  N3  34
20180406  733535  21 N10  41
20180411  734589  73 S28   7
20180411  734690  64 S16  15
20180411  734690  70 S21   9
20180411  734691  37 N27  58
20180411  734691  42 N31  62
20180411  734705  13  N5  36
20180411  734705  50  S5  29
20180412  735028  79 S31   3
20180412  735028  80 S30   2
20180413  735239  14  N4  35
20180413  735239  15  N3  34
20180413  735299  80 S30   2
20180413  735311  12  N6  37
20180413  735311  13  N5  36
20180413  735311  14  N4  35
20180413  735311  15  N3  34
20180413  735311  18 N13  44
20180413  735311  19 N12  43
20180413  735311  20 N11  42
20180413  735311  21 N10  41
20180413  735311  25 N18  49
20180413  735311  26 N17  48
20180413  735311  27 N16  47
20180413  735311  49  S6  30
20180413  735311  51  S4  28
20180413  735311  52  S3  27
20180413  735311  55 S13  24
20180413  735311  56 S12  23
20180413  735311  58 S10  21
20180413  735311  59  S9  20
20180413  735311  61 S19  18
20180413  735311  62 S18  17
20180413  735311  63 S17  16
20180413  735311  64 S16  15
20180413  735311  65 S15  14
20180413  735311  67 S24  12
20180413  735311  68 S23  11
20180413  735311  69 S22  10
20180413  735311  70 S21   9
20180413  735311  74 S27   6
20180413  735370  73 S28   7
20180413  735371  80 S30   2
20180413  735371  81 S29   1
20180413  735383  12  N6  37
20180413  735383  13  N5  36
20180413  735383  14  N4  35
20180413  735383  15  N3  34
20180413  735383  16  N2  33
20180413  735383  18 N13  44
20180413  735383  19 N12  43
20180413  735383  20 N11  42
20180413  735383  21 N10  41
20180413  735383  22  N9  40
20180413  735383  25 N18  49
20180413  735383  26 N17  48
20180413  735383  27 N16  47
20180413  735383  28 N15  46
20180413  735383  31 N23  54
20180413  735383  32 N22  53
20180413  735383  33 N21  52
20180413  735383  49  S6  30
20180413  735383  50  S5  29
20180413  735383  51  S4  28
20180413  735383  52  S3  27
20180413  735383  53  S2  26
20180413  735383  55 S13  24
20180413  735383  56 S12  23
20180413  735383  57 S11  22
20180413  735383  58 S10  21
20180413  735383  59  S9  20
20180413  735383  61 S19  18
20180413  735383  62 S18  17
20180413  735383  63 S17  16
20180413  735383  64 S16  15
20180413  735383  65 S15  14
20180413  735383  67 S24  12
20180413  735383  68 S23  11
20180413  735383  69 S22  10
20180413  735383  70 S21   9
20180413  735383  74 S27   6
20180413  735440  52  S3  27
20180413  735538  50  S5  29
20180413  735538  56 S12  23
20180413  735538  57 S11  22
20180413  735548  18 N13  44
20180413  735566  38 N26  57
20180413  735566  39 N25  56
20180413  735566  44 N29  60
20180413  735587  81 S29   1
20180417  736510  14  N4  35
20180417  736510  15  N3  34
20180417  736510  21 N10  41
20180417  736533  73 S28   7
20180417  736534  80 S30   2
20180417  736534  81 S29   1
20180417  736546  12  N6  37
20180417  736546  13  N5  36
20180417  736546  14  N4  35
20180417  736546  15  N3  34
20180417  736546  16  N2  33
20180417  736546  18 N13  44
20180417  736546  19 N12  43
20180417  736546  20 N11  42
20180417  736546  21 N10  41
20180417  736546  22  N9  40
20180417  736546  25 N18  49
20180417  736546  26 N17  48
20180417  736546  27 N16  47
20180417  736546  28 N15  46
20180417  736546  31 N23  54
20180417  736546  32 N22  53
20180417  736546  33 N21  52
20180417  736546  49  S6  30
20180417  736546  50  S5  29
20180417  736546  51  S4  28
20180417  736546  52  S3  27
20180417  736546  53  S2  26
20180417  736546  55 S13  24
20180417  736546  56 S12  23
20180417  736546  57 S11  22
20180417  736546  58 S10  21
20180417  736546  59  S9  20
20180417  736546  61 S19  18
20180417  736546  62 S18  17
20180417  736546  63 S17  16
20180417  736546  64 S16  15
20180417  736546  65 S15  14
20180417  736546  67 S24  12
20180417  736546  68 S23  11
20180417  736546  69 S22  10
20180417  736546  70 S21   9
20180417  736546  74 S27   6
20180417  736638  80 S30   2
20180417  736650  12  N6  37
20180417  736650  13  N5  36
20180417  736650  14  N4  35
20180417  736650  15  N3  34
20180417  736650  18 N13  44
20180417  736650  19 N12  43
20180417  736650  20 N11  42
20180417  736650  21 N10  41
20180417  736650  25 N18  49
20180417  736650  26 N17  48
20180417  736650  27 N16  47
20180417  736650  49  S6  30
20180417  736650  51  S4  28
20180417  736650  52  S3  27
20180417  736650  55 S13  24
20180417  736650  56 S12  23
20180417  736650  58 S10  21
20180417  736650  59  S9  20
20180417  736650  61 S19  18
20180417  736650  62 S18  17
20180417  736650  63 S17  16
20180417  736650  64 S16  15
20180417  736650  65 S15  14
20180417  736650  67 S24  12
20180417  736650  68 S23  11
20180417  736650  69 S22  10
20180417  736650  70 S21   9
20180417  736650  74 S27   6
20180417  736811  16  N2  33
20180417  736811  22  N9  40
20180417  736811  23  N8  39
20180417  736835  81 S29   1
20180418  737104  14  N4  35
20180418  737105  14  N4  35
20180418  737106  14  N4  35
20180418  737107  14  N4  35
20180419  737358  14  N4  35
20180419  737359  14  N4  35
20180424  738670  14  N4  35
20180424  738670  15  N3  34
20180424  738670  21 N10  41
20180424  738731  73 S28   7
20180424  738732  80 S30   2
20180424  738732  81 S29   1
20180424  738744  12  N6  37
20180424  738744  13  N5  36
20180424  738744  14  N4  35
20180424  738744  15  N3  34
20180424  738744  16  N2  33
20180424  738744  18 N13  44
20180424  738744  19 N12  43
20180424  738744  20 N11  42
20180424  738744  21 N10  41
20180424  738744  22  N9  40
20180424  738744  25 N18  49
20180424  738744  26 N17  48
20180424  738744  27 N16  47
20180424  738744  28 N15  46
20180424  738744  31 N23  54
20180424  738744  32 N22  53
20180424  738744  33 N21  52
20180424  738744  49  S6  30
20180424  738744  50  S5  29
20180424  738744  51  S4  28
20180424  738744  52  S3  27
20180424  738744  53  S2  26
20180424  738744  55 S13  24
20180424  738744  56 S12  23
20180424  738744  57 S11  22
20180424  738744  58 S10  21
20180424  738744  59  S9  20
20180424  738744  61 S19  18
20180424  738744  62 S18  17
20180424  738744  63 S17  16
20180424  738744  64 S16  15
20180424  738744  65 S15  14
20180424  738744  67 S24  12
20180424  738744  68 S23  11
20180424  738744  69 S22  10
20180424  738744  70 S21   9
20180424  738744  74 S27   6
20180424  738816  14  N4  35
20180424  738816  15  N3  34
20180426  739409  11  N7  38
20180426  739409  12  N6  37
20180426  739409  18 N13  44
20180426  739410  18 N13  44
20180426  739410  19 N12  43
20180426  739410  24 N19  50
20180426  739410  25 N18  49
20180426  739410  30 N24  55
20180426  739411  11  N7  38
20180426  739411  12  N6  37
20180426  739411  18 N13  44
20180426  739411  48  S7  31
20180426  739411  49  S6  30
20180426  739412  48  S7  31
20180426  739412  49  S6  30
20180426  739412  55 S13  24
20180426  739413  11  N7  38
20180426  739413  48  S7  31
20180426  739414  11  N7  38
20180426  739414  18 N13  44
20180426  739416  11  N7  38
20180426  739417  48  S7  31
20180426  739417  55 S13  24
20180426  739418  18 N13  44
20180426  739418  24 N19  50
20180426  739432  60  S8  19
20180426  739432  66 S14  13
20180426  739433  65 S15  14
20180426  739433  66 S14  13
20180426  739433  71 S20   8
20180426  739434  53  S2  26
20180426  739434  54  S1  25
20180426  739434  59  S9  20
20180426  739434  60  S8  19
20180426  739434  66 S14  13
20180426  739435  16  N2  33
20180426  739435  17  N1  32
20180426  739435  53  S2  26
20180426  739435  54  S1  25
20180426  739436  54  S1  25
20180426  739436  60  S8  19
20180426  739439  60  S8  19
20180426  739439  66 S14  13
20180426  739440  65 S15  14
20180426  739440  66 S14  13
20180426  739440  71 S20   8
20180426  739441  53  S2  26
20180426  739441  54  S1  25
20180426  739441  59  S9  20
20180426  739441  60  S8  19
20180426  739441  66 S14  13
20180426  739442  16  N2  33
20180426  739442  17  N1  32
20180426  739442  53  S2  26
20180426  739442  54  S1  25
20180426  739443  54  S1  25
20180426  739443  60  S8  19
20180426  739467  12  N6  37
20180426  739467  13  N5  36
20180426  739467  14  N4  35
20180426  739467  15  N3  34
20180426  739467  16  N2  33
20180426  739467  19 N12  43
20180426  739467  20 N11  42
20180426  739467  21 N10  41
20180426  739467  22  N9  40
20180426  739467  25 N18  49
20180426  739467  26 N17  48
20180426  739467  27 N16  47
20180426  739467  28 N15  46
20180426  739467  31 N23  54
20180426  739467  32 N22  53
20180426  739467  33 N21  52
20180426  739467  49  S6  30
20180426  739467  50  S5  29
20180426  739467  51  S4  28
20180426  739467  52  S3  27
20180426  739467  53  S2  26
20180426  739467  56 S12  23
20180426  739467  57 S11  22
20180426  739467  58 S10  21
20180426  739467  59  S9  20
20180426  739467  62 S18  17
20180426  739467  63 S17  16
20180426  739467  64 S16  15
20180426  739467  65 S15  14
20180426  739467  68 S23  11
20180426  739467  69 S22  10
20180426  739467  70 S21   9
20180426  739468  12  N6  37
20180426  739468  13  N5  36
20180426  739468  15  N3  34
20180426  739468  16  N2  33
20180426  739468  19 N12  43
20180426  739468  20 N11  42
20180426  739468  21 N10  41
20180426  739468  22  N9  40
20180426  739468  25 N18  49
20180426  739468  26 N17  48
20180426  739468  27 N16  47
20180426  739468  28 N15  46
20180426  739468  31 N23  54
20180426  739468  32 N22  53
20180426  739468  33 N21  52
20180426  739468  37 N27  58
20180426  739468  38 N26  57
20180426  739468  49  S6  30
20180426  739468  50  S5  29
20180426  739468  51  S4  28
20180426  739468  52  S3  27
20180426  739468  53  S2  26
20180426  739468  56 S12  23
20180426  739468  57 S11  22
20180426  739468  58 S10  21
20180426  739468  59  S9  20
20180426  739468  62 S18  17
20180426  739468  63 S17  16
20180426  739468  64 S16  15
20180426  739468  65 S15  14
20180426  739468  68 S23  11
20180426  739468  69 S22  10
20180426  739468  70 S21   9
20180426  739468  74 S27   6
20180426  739468  75 S26   5
20180426  739468  80 S30   2
20180426  739469  12  N6  37
20180426  739469  13  N5  36
20180426  739469  14  N4  35
20180426  739469  15  N3  34
20180426  739469  16  N2  33
20180426  739469  19 N12  43
20180426  739469  20 N11  42
20180426  739469  21 N10  41
20180426  739469  22  N9  40
20180426  739469  25 N18  49
20180426  739469  26 N17  48
20180426  739469  27 N16  47
20180426  739469  28 N15  46
20180426  739469  31 N23  54
20180426  739469  32 N22  53
20180426  739469  33 N21  52
20180426  739469  49  S6  30
20180426  739469  50  S5  29
20180426  739469  51  S4  28
20180426  739469  52  S3  27
20180426  739469  53  S2  26
20180426  739469  56 S12  23
20180426  739469  57 S11  22
20180426  739469  58 S10  21
20180426  739469  59  S9  20
20180426  739469  62 S18  17
20180426  739469  63 S17  16
20180426  739469  64 S16  15
20180426  739469  65 S15  14
20180426  739469  68 S23  11
20180426  739469  69 S22  10
20180426  739469  70 S21   9
20180426  739470  12  N6  37
20180426  739470  13  N5  36
20180426  739470  14  N4  35
20180426  739470  15  N3  34
20180426  739470  16  N2  33
20180426  739470  19 N12  43
20180426  739470  20 N11  42
20180426  739470  21 N10  41
20180426  739470  22  N9  40
20180426  739470  25 N18  49
20180426  739470  26 N17  48
20180426  739470  27 N16  47
20180426  739470  28 N15  46
20180426  739470  30 N24  55
20180426  739470  31 N23  54
20180426  739470  32 N22  53
20180426  739470  33 N21  52
20180426  739470  36 N28  59
20180426  739470  37 N27  58
20180426  739470  49  S6  30
20180426  739470  50  S5  29
20180426  739470  51  S4  28
20180426  739470  52  S3  27
20180426  739470  53  S2  26
20180426  739470  56 S12  23
20180426  739470  57 S11  22
20180426  739470  58 S10  21
20180426  739470  59  S9  20
20180426  739470  62 S18  17
20180426  739470  63 S17  16
20180426  739470  64 S16  15
20180426  739470  65 S15  14
20180426  739470  68 S23  11
20180426  739470  69 S22  10
20180426  739470  70 S21   9
20180426  739471  11  N7  38
20180426  739471  12  N6  37
20180426  739471  13  N5  36
20180426  739471  14  N4  35
20180426  739471  15  N3  34
20180426  739471  16  N2  33
20180426  739471  18 N13  44
20180426  739471  19 N12  43
20180426  739471  20 N11  42
20180426  739471  21 N10  41
20180426  739471  22  N9  40
20180426  739471  24 N19  50
20180426  739471  25 N18  49
20180426  739471  26 N17  48
20180426  739471  27 N16  47
20180426  739471  28 N15  46
20180426  739471  31 N23  54
20180426  739471  32 N22  53
20180426  739471  33 N21  52
20180426  739471  48  S7  31
20180426  739471  49  S6  30
20180426  739471  50  S5  29
20180426  739471  51  S4  28
20180426  739471  52  S3  27
20180426  739471  53  S2  26
20180426  739471  55 S13  24
20180426  739471  56 S12  23
20180426  739471  57 S11  22
20180426  739471  58 S10  21
20180426  739471  59  S9  20
20180426  739471  62 S18  17
20180426  739471  63 S17  16
20180426  739471  64 S16  15
20180426  739471  65 S15  14
20180426  739471  68 S23  11
20180426  739471  69 S22  10
20180426  739471  70 S21   9
20180426  739472  15  N3  34
20180426  739472  21 N10  41
20180426  739503  23  N8  39
20180426  739503  29 N14  45
20180426  739504  54  S1  25
20180426  739504  60  S8  19
20180426  739505  65 S15  14
20180426  739506  52  S3  27
20180426  739506  58 S10  21
20180426  739506  59  S9  20
20180426  739507  15  N3  34
20180426  739586  12  N6  37
20180426  739586  13  N5  36
20180426  739586  14  N4  35
20180426  739586  15  N3  34
20180426  739586  16  N2  33
20180426  739586  18 N13  44
20180426  739586  19 N12  43
20180426  739586  20 N11  42
20180426  739586  21 N10  41
20180426  739586  22  N9  40
20180426  739586  25 N18  49
20180426  739586  26 N17  48
20180426  739586  27 N16  47
20180426  739586  28 N15  46
20180426  739586  31 N23  54
20180426  739586  32 N22  53
20180426  739586  33 N21  52
20180426  739586  49  S6  30
20180426  739586  50  S5  29
20180426  739586  51  S4  28
20180426  739586  52  S3  27
20180426  739586  53  S2  26
20180426  739586  55 S13  24
20180426  739586  56 S12  23
20180426  739586  57 S11  22
20180426  739586  58 S10  21
20180426  739586  59  S9  20
20180426  739586  62 S18  17
20180426  739586  63 S17  16
20180426  739586  64 S16  15
20180426  739586  65 S15  14
20180426  739586  68 S23  11
20180426  739586  69 S22  10
20180426  739586  70 S21   9
20180426  739587  12  N6  37
20180426  739587  13  N5  36
20180426  739587  14  N4  35
20180426  739587  15  N3  34
20180426  739587  16  N2  33
20180426  739587  19 N12  43
20180426  739587  20 N11  42
20180426  739587  21 N10  41
20180426  739587  22  N9  40
20180426  739587  25 N18  49
20180426  739587  26 N17  48
20180426  739587  27 N16  47
20180426  739587  28 N15  46
20180426  739587  31 N23  54
20180426  739587  32 N22  53
20180426  739587  33 N21  52
20180426  739587  34 N20  51
20180426  739587  36 N28  59
20180426  739587  37 N27  58
20180426  739587  38 N26  57
20180426  739587  39 N25  56
20180426  739587  43 N30  61
20180426  739587  49  S6  30
20180426  739587  50  S5  29
20180426  739587  51  S4  28
20180426  739587  52  S3  27
20180426  739587  53  S2  26
20180426  739587  56 S12  23
20180426  739587  57 S11  22
20180426  739587  58 S10  21
20180426  739587  59  S9  20
20180426  739587  62 S18  17
20180426  739587  63 S17  16
20180426  739587  64 S16  15
20180426  739587  65 S15  14
20180426  739587  68 S23  11
20180426  739587  69 S22  10
20180426  739587  70 S21   9
20180426  739588  12  N6  37
20180426  739588  13  N5  36
20180426  739588  14  N4  35
20180426  739588  15  N3  34
20180426  739588  16  N2  33
20180426  739588  19 N12  43
20180426  739588  20 N11  42
20180426  739588  21 N10  41
20180426  739588  22  N9  40
20180426  739588  23  N8  39
20180426  739588  25 N18  49
20180426  739588  26 N17  48
20180426  739588  27 N16  47
20180426  739588  28 N15  46
20180426  739588  31 N23  54
20180426  739588  32 N22  53
20180426  739588  33 N21  52
20180426  739588  49  S6  30
20180426  739588  50  S5  29
20180426  739588  51  S4  28
20180426  739588  52  S3  27
20180426  739588  53  S2  26
20180426  739588  56 S12  23
20180426  739588  57 S11  22
20180426  739588  58 S10  21
20180426  739588  59  S9  20
20180426  739588  60  S8  19
20180426  739588  62 S18  17
20180426  739588  63 S17  16
20180426  739588  64 S16  15
20180426  739588  65 S15  14
20180426  739588  66 S14  13
20180426  739588  68 S23  11
20180426  739588  69 S22  10
20180426  739588  70 S21   9
20180426  739588  71 S20   8
20180426  739588  74 S27   6
20180426  739588  75 S26   5
20180426  739589  12  N6  37
20180426  739589  13  N5  36
20180426  739589  14  N4  35
20180426  739589  15  N3  34
20180426  739589  16  N2  33
20180426  739589  19 N12  43
20180426  739589  20 N11  42
20180426  739589  21 N10  41
20180426  739589  22  N9  40
20180426  739589  25 N18  49
20180426  739589  26 N17  48
20180426  739589  27 N16  47
20180426  739589  28 N15  46
20180426  739589  31 N23  54
20180426  739589  32 N22  53
20180426  739589  33 N21  52
20180426  739589  49  S6  30
20180426  739589  50  S5  29
20180426  739589  51  S4  28
20180426  739589  52  S3  27
20180426  739589  53  S2  26
20180426  739589  55 S13  24
20180426  739589  56 S12  23
20180426  739589  57 S11  22
20180426  739589  58 S10  21
20180426  739589  59  S9  20
20180426  739589  61 S19  18
20180426  739589  62 S18  17
20180426  739589  63 S17  16
20180426  739589  64 S16  15
20180426  739589  65 S15  14
20180426  739589  67 S24  12
20180426  739589  68 S23  11
20180426  739589  69 S22  10
20180426  739589  70 S21   9
20180426  739589  73 S28   7
20180426  739589  74 S27   6
20180426  739589  75 S26   5
20180426  739589  79 S31   3
20180426  739589  80 S30   2
20180426  739590  11  N7  38
20180426  739590  12  N6  37
20180426  739590  13  N5  36
20180426  739590  14  N4  35
20180426  739590  15  N3  34
20180426  739590  16  N2  33
20180426  739590  18 N13  44
20180426  739590  19 N12  43
20180426  739590  20 N11  42
20180426  739590  21 N10  41
20180426  739590  22  N9  40
20180426  739590  23  N8  39
20180426  739590  24 N19  50
20180426  739590  25 N18  49
20180426  739590  26 N17  48
20180426  739590  27 N16  47
20180426  739590  28 N15  46
20180426  739590  31 N23  54
20180426  739590  32 N22  53
20180426  739590  33 N21  52
20180426  739590  48  S7  31
20180426  739590  49  S6  30
20180426  739590  50  S5  29
20180426  739590  51  S4  28
20180426  739590  52  S3  27
20180426  739590  53  S2  26
20180426  739590  55 S13  24
20180426  739590  56 S12  23
20180426  739590  57 S11  22
20180426  739590  58 S10  21
20180426  739590  59  S9  20
20180426  739590  61 S19  18
20180426  739590  62 S18  17
20180426  739590  63 S17  16
20180426  739590  64 S16  15
20180426  739590  65 S15  14
20180426  739590  67 S24  12
20180426  739590  68 S23  11
20180426  739590  69 S22  10
20180426  739590  70 S21   9
20180426  739590  73 S28   7
20180426  739590  74 S27   6
20180426  739591  11  N7  38
20180426  739591  12  N6  37
20180426  739591  13  N5  36
20180426  739591  14  N4  35
20180426  739591  15  N3  34
20180426  739591  16  N2  33
20180426  739591  18 N13  44
20180426  739591  19 N12  43
20180426  739591  20 N11  42
20180426  739591  21 N10  41
20180426  739591  22  N9  40
20180426  739591  24 N19  50
20180426  739591  25 N18  49
20180426  739591  26 N17  48
20180426  739591  27 N16  47
20180426  739591  28 N15  46
20180426  739591  30 N24  55
20180426  739591  31 N23  54
20180426  739591  32 N22  53
20180426  739591  33 N21  52
20180426  739591  48  S7  31
20180426  739591  49  S6  30
20180426  739591  50  S5  29
20180426  739591  51  S4  28
20180426  739591  52  S3  27
20180426  739591  53  S2  26
20180426  739591  55 S13  24
20180426  739591  56 S12  23
20180426  739591  57 S11  22
20180426  739591  58 S10  21
20180426  739591  59  S9  20
20180426  739591  61 S19  18
20180426  739591  62 S18  17
20180426  739591  63 S17  16
20180426  739591  64 S16  15
20180426  739591  65 S15  14
20180426  739591  67 S24  12
20180426  739591  68 S23  11
20180426  739591  69 S22  10
20180426  739591  70 S21   9
20180427  739810  22  N9  40
20180427  739810  28 N15  46
20180427  739811  52  S3  27
20180427  739811  58 S10  21
20180427  739812  65 S15  14
20180427  739812  66 S14  13
20180427  739813  53  S2  26
20180427  739813  54  S1  25
20180427  739813  60  S8  19
20180427  739814  16  N2  33
20180427  739814  17  N1  32
20180427  739814  54  S1  25
20180427  739846  22  N9  40
20180427  739846  28 N15  46
20180427  739847  52  S3  27
20180427  739847  58 S10  21
20180427  739848  65 S15  14
20180427  739848  66 S14  13
20180427  739849  53  S2  26
20180427  739849  54  S1  25
20180427  739849  60  S8  19
20180427  739850  16  N2  33
20180427  739850  17  N1  32
20180427  739850  54  S1  25
20180428  740260  14  N4  35
20180428  740261  14  N4  35
20180428  740285  14  N4  35
20180428  740286  14  N4  35
20180428  740287  14  N4  35
20180428  740288  14  N4  35
20180428  740309  14  N4  35
20180428  740310  14  N4  35
20180429  740635  14  N4  35
20180429  740636  14  N4  35
20180429  740695  14  N4  35
20180429  740696  14  N4  35
20180429  740735  14  N4  35
20180429  740736  14  N4  35
20180429  740760  14  N4  35
20180429  740761  14  N4  35
20180429  740785  14  N4  35
20180429  740786  14  N4  35
20180429  740810  14  N4  35
20180429  740811  14  N4  35
20180501  741066  14  N4  35
20180501  741067  14  N4  35
20180501  741091  14  N4  35
20180501  741092  14  N4  35
20180501  741126  14  N4  35
20180501  741127  14  N4  35
20180501  741151  14  N4  35
20180501  741152  14  N4  35
20180501  741181  14  N4  35
20180501  741182  14  N4  35
20180501  741211  14  N4  35
20180501  741212  14  N4  35
20180501  741241  14  N4  35
20180501  741242  14  N4  35
20180501  741266  14  N4  35
20180501  741267  14  N4  35
20180501  741302  14  N4  35
20180501  741303  14  N4  35
20180502  741537  14  N4  35
20180502  741537  15  N3  34
20180502  741628  14  N4  35
20180502  741628  15  N3  34
20180502  741628  21 N10  41
20180502  741681  14  N4  35
20180502  741682  14  N4  35
20180502  741706  14  N4  35
20180502  741707  14  N4  35
20180502  741731  14  N4  35
20180502  741732  14  N4  35
20180502  741771  14  N4  35
20180502  741772  14  N4  35
20180502  741791  14  N4  35
20180502  741792  14  N4  35
20180502  741821  14  N4  35
20180502  741822  14  N4  35
20180502  741858  14  N4  35
20180502  741859  14  N4  35
20180502  741885  14  N4  35
20180502  741886  14  N4  35
20180504  742641  14  N4  35
20180504  742642  14  N4  35
20180504  742691  14  N4  35
20180504  742692  14  N4  35
20180504  742736  14  N4  35
20180504  742737  14  N4  35
20180504  742781  14  N4  35
20180504  742782  14  N4  35
20180504  742816  14  N4  35
20180504  742817  14  N4  35
20180504  742836  14  N4  35
20180504  742837  14  N4  35
20180507  743669  80 S30   2
20180507  743681  12  N6  37
20180507  743681  13  N5  36
20180507  743681  14  N4  35
20180507  743681  15  N3  34
20180507  743681  18 N13  44
20180507  743681  19 N12  43
20180507  743681  20 N11  42
20180507  743681  21 N10  41
20180507  743681  25 N18  49
20180507  743681  26 N17  48
20180507  743681  27 N16  47
20180507  743681  49  S6  30
20180507  743681  51  S4  28
20180507  743681  52  S3  27
20180507  743681  55 S13  24
20180507  743681  56 S12  23
20180507  743681  58 S10  21
20180507  743681  59  S9  20
20180507  743681  61 S19  18
20180507  743681  62 S18  17
20180507  743681  63 S17  16
20180507  743681  64 S16  15
20180507  743681  65 S15  14
20180507  743681  67 S24  12
20180507  743681  68 S23  11
20180507  743681  69 S22  10
20180507  743681  70 S21   9
20180507  743681  74 S27   6
20180507  743740  73 S28   7
20180507  743741  80 S30   2
20180507  743741  81 S29   1
20180507  743753  12  N6  37
20180507  743753  13  N5  36
20180507  743753  14  N4  35
20180507  743753  15  N3  34
20180507  743753  16  N2  33
20180507  743753  18 N13  44
20180507  743753  19 N12  43
20180507  743753  20 N11  42
20180507  743753  21 N10  41
20180507  743753  22  N9  40
20180507  743753  25 N18  49
20180507  743753  26 N17  48
20180507  743753  27 N16  47
20180507  743753  28 N15  46
20180507  743753  31 N23  54
20180507  743753  32 N22  53
20180507  743753  33 N21  52
20180507  743753  49  S6  30
20180507  743753  50  S5  29
20180507  743753  51  S4  28
20180507  743753  52  S3  27
20180507  743753  53  S2  26
20180507  743753  55 S13  24
20180507  743753  56 S12  23
20180507  743753  57 S11  22
20180507  743753  58 S10  21
20180507  743753  59  S9  20
20180507  743753  61 S19  18
20180507  743753  62 S18  17
20180507  743753  63 S17  16
20180507  743753  64 S16  15
20180507  743753  65 S15  14
20180507  743753  67 S24  12
20180507  743753  68 S23  11
20180507  743753  69 S22  10
20180507  743753  70 S21   9
20180507  743753  74 S27   6
20180507  743860  25 N18  49
20180507  743860  30 N24  55
20180507  743862  25 N18  49
20180507  743862  30 N24  55
20180507  743864  25 N18  49
20180507  743864  30 N24  55
20180507  743866  25 N18  49
20180507  743866  30 N24  55
20180507  743871  25 N18  49
20180507  743871  30 N24  55
20180507  743873  25 N18  49
20180507  743873  30 N24  55
20180507  743875  25 N18  49
20180507  743875  30 N24  55
20180507  743877  25 N18  49
20180507  743877  30 N24  55
20180507  743882  25 N18  49
20180507  743882  30 N24  55
20180507  743884  25 N18  49
20180507  743884  30 N24  55
20180507  743886  25 N18  49
20180507  743886  30 N24  55
20180507  743888  25 N18  49
20180507  743888  30 N24  55
20180507  743893  25 N18  49
20180507  743893  30 N24  55
20180507  743895  25 N18  49
20180507  743895  30 N24  55
20180507  743897  25 N18  49
20180507  743897  30 N24  55
20180507  743899  25 N18  49
20180507  743899  30 N24  55
20180507  743904  25 N18  49
20180507  743904  30 N24  55
20180507  743906  25 N18  49
20180507  743906  30 N24  55
20180507  743908  25 N18  49
20180507  743908  30 N24  55
20180507  743910  25 N18  49
20180507  743910  30 N24  55
20180508  744079  80 S30   2
20180508  744079  81 S29   1
20180508  744080  80 S30   2
20180508  744080  81 S29   1
20180508  744193  19 N12  43
20180508  744193  25 N18  49
20180508  744194  13  N5  36
20180508  744194  14  N4  35
20180508  744194  15  N3  34
20180508  744194  19 N12  43
20180508  744194  20 N11  42
20180508  744194  25 N18  49
20180508  744194  51  S4  28
20180508  744194  52  S3  27
20180508  744194  58 S10  21
20180508  744194  59  S9  20
20180508  744253  11  N7  38
20180508  744253  12  N6  37
20180508  744253  18 N13  44
20180508  744344  50  S5  29
20180508  744353  58 S10  21
20180508  744354  58 S10  21
20180509  744549  57 S11  22
20180509  744550  57 S11  22
20180509  744589  23  N8  39
20180509  744589  29 N14  45
20180509  744631  68 S23  11
20180509  744631  74 S27   6
20180509  744631  79 S31   3
20180509  744632  38 N26  57
20180509  744632  39 N25  56
20180509  744632  43 N30  61
20180509  744632  44 N29  60
20180509  744632  68 S23  11
20180509  744632  74 S27   6
20180509  744632  79 S31   3
20180509  744633  26 N17  48
20180509  744633  31 N23  54
20180509  744633  36 N28  59
20180509  744633  37 N27  58
20180509  744633  42 N31  62
20180509  744633  64 S16  15
20180509  744633  65 S15  14
20180509  744633  69 S22  10
20180509  744633  70 S21   9
20180509  744634  26 N17  48
20180509  744634  31 N23  54
20180509  744634  36 N28  59
20180509  744634  37 N27  58
20180509  744634  42 N31  62
20180509  744641  64 S16  15
20180509  744641  69 S22  10
20180509  744641  70 S21   9
20180509  744642  58 S10  21
20180509  744642  64 S16  15
20180509  744642  69 S22  10
20180509  744642  70 S21   9
20180509  744643  38 N26  57
20180509  744643  43 N30  61
20180509  744648  37 N27  58
20180509  744648  42 N31  62
20180510  744882  57 S11  22
20180510  744883  57 S11  22
20180510  744904  13  N5  36
20180510  744904  19 N12  43
20180510  744904  20 N11  42
20180510  744905  13  N5  36
20180510  744905  19 N12  43
20180510  744905  20 N11  42
20180510  745064  38 N26  57
20180510  745064  44 N29  60
20180510  745066  63 S17  16
20180510  745066  64 S16  15
20180510  745066  69 S22  10
20180510  745066  74 S27   6
20180510  745066  75 S26   5
20180510  745067  63 S17  16
20180510  745067  64 S16  15
20180510  745067  69 S22  10
20180510  745067  74 S27   6
20180510  745067  75 S26   5
20180511  745300  38 N26  57
20180511  745300  44 N29  60
20180511  745302  63 S17  16
20180511  745302  64 S16  15
20180511  745302  69 S22  10
20180511  745302  74 S27   6
20180511  745302  75 S26   5
20180511  745303  63 S17  16
20180511  745303  64 S16  15
20180511  745303  69 S22  10
20180511  745303  74 S27   6
20180511  745303  75 S26   5
20180511  745333  36 N28  59
20180511  745354  23  N8  39
20180511  745354  29 N14  45
20180511  745363  17  N1  32
20180511  745363  53  S2  26
20180511  745363  54  S1  25
20180511  745364  17  N1  32
20180511  745364  53  S2  26
20180511  745364  54  S1  25
20180511  745386  79 S31   3
20180511  745387  36 N28  59
20180511  745387  42 N31  62
20180511  745395  58 S10  21
20180511  745395  64 S16  15
20180511  745395  69 S22  10
20180511  745395  70 S21   9
20180511  745396  64 S16  15
20180511  745396  69 S22  10
20180511  745396  70 S21   9
20180511  745398  38 N26  57
20180511  745398  43 N30  61
20180511  745401  36 N28  59
20180511  745401  37 N27  58
20180511  745401  42 N31  62
20180511  745401  64 S16  15
20180511  745401  69 S22  10
20180511  745401  70 S21   9
20180511  745401  75 S26   5
20180511  745402  31 N23  54
20180511  745402  32 N22  53
20180511  745402  36 N28  59
20180511  745402  37 N27  58
20180511  745402  42 N31  62
20180511  745422  18 N13  44
20180511  745435  39 N25  56
20180511  745435  44 N29  60
20180511  745437  70 S21   9
20180511  745437  75 S26   5
20180511  745438  64 S16  15
20180511  745438  70 S21   9
20180511  745438  75 S26   5
20180511  745487  23  N8  39
20180511  745487  29 N14  45
20180511  745527  26 N17  48
20180511  745527  31 N23  54
20180511  745527  32 N22  53
20180511  745527  37 N27  58
20180511  745527  38 N26  57
20180511  745527  42 N31  62
20180511  745527  43 N30  61
20180511  745527  57 S11  22
20180511  745527  58 S10  21
20180511  745527  63 S17  16
20180511  745527  64 S16  15
20180511  745527  69 S22  10
20180511  745528  26 N17  48
20180511  745528  31 N23  54
20180511  745528  32 N22  53
20180511  745528  37 N27  58
20180511  745528  38 N26  57
20180511  745528  42 N31  62
20180511  745528  43 N30  61
20180511  745529  74 S27   6
20180511  745529  75 S26   5
20180511  745529  80 S30   2
20180511  745530  37 N27  58
20180511  745530  38 N26  57
20180511  745530  43 N30  61
20180511  745530  74 S27   6
20180511  745530  75 S26   5
20180511  745530  80 S30   2
20180511  745531  37 N27  58
20180511  745531  38 N26  57
20180511  745531  43 N30  61
20180511  745532  37 N27  58
20180511  745532  38 N26  57
20180511  745532  43 N30  61
20180511  745535  65 S15  14
20180511  745535  70 S21   9
20180511  745535  71 S20   8
20180511  745536  59  S9  20
20180511  745536  65 S15  14
20180511  745536  70 S21   9
20180511  745536  71 S20   8
20180512  745709  42 N31  62
20180512  745756  50  S5  29
20180512  745757  81 S29   1
20180512  745773  63 S17  16
20180512  745788  13  N5  36
20180512  745788  14  N4  35
20180512  745788  20 N11  42
20180514  746398  12  N6  37
20180514  746398  13  N5  36
20180514  746398  14  N4  35
20180514  746398  15  N3  34
20180514  746398  21 N10  41
20180514  746398  22  N9  40
20180514  746398  49  S6  30
20180514  746398  50  S5  29
20180514  746398  51  S4  28
20180514  746398  52  S3  27
20180514  746398  56 S12  23
20180514  746425  13  N5  36
20180514  746425  14  N4  35
20180514  746425  20 N11  42
20180515  746692  11  N7  38
20180515  746692  12  N6  37
20180515  746692  15  N3  34
20180515  746692  16  N2  33
20180515  746692  22  N9  40
20180515  746692  48  S7  31
20180515  746692  49  S6  30
20180515  746692  52  S3  27
20180515  746692  53  S2  26
20180515  746692  55 S13  24
20180515  746726  55 S13  24
20180515  746726  56 S12  23
20180515  746726  61 S19  18
20180515  746726  62 S18  17
20180515  746742  12  N6  37
20180515  746742  18 N13  44
20180515  746742  19 N12  43
20180515  746754  18 N13  44
20180515  746754  24 N19  50
20180515  746757  44 N29  60
20180516  747064  28 N15  46
20180516  747064  29 N14  45
20180516  747064  34 N20  51
20180516  747115  55 S13  24
20180516  747115  56 S12  23
20180516  747115  61 S19  18
20180516  747115  62 S18  17
20180516  747160  50  S5  29
20180516  747160  56 S12  23
20180516  747160  57 S11  22
20180516  747160  62 S18  17
20180516  747160  63 S17  16
20180517  747479  55 S13  24
20180517  747479  61 S19  18
20180517  747490  44 N29  60
20180518  747619  50  S5  29
20180518  747620  50  S5  29
20180518  747645  14  N4  35
20180518  747645  20 N11  42
20180518  747665  81 S29   1
20180518  747666  81 S29   1
20180518  747731  67 S24  12
20180518  747731  73 S28   7
20180518  747732  67 S24  12
20180518  747732  73 S28   7
20180518  747782  29 N14  45
20180518  747788  69 S22  10
20180518  747788  74 S27   6
20180518  747788  75 S26   5
20180518  747827  11  N7  38
20180518  747827  12  N6  37
20180518  747827  18 N13  44
20180518  747828  11  N7  38
20180518  747828  12  N6  37
20180518  747828  18 N13  44
20180518  747891  18 N13  44
20180518  747930  50  S5  29
20180518  747939  58 S10  21
20180518  747940  58 S10  21
20180518  747958  39 N25  56
20180518  747958  44 N29  60
20180518  747959  64 S16  15
20180518  747959  70 S21   9
20180518  747959  75 S26   5
20180518  747960  70 S21   9
20180518  747960  75 S26   5
20180518  747989  36 N28  59
20180518  747989  37 N27  58
20180518  747989  42 N31  62
20180518  748013  14  N4  35
20180518  748013  20 N11  42
20180518  748013  21 N10  41
20180518  748014  14  N4  35
20180518  748031  23  N8  39
20180518  748031  29 N14  45
20180518  748065  80 S30   2
20180518  748066  37 N27  58
20180518  748074  59  S9  20
20180518  748074  65 S15  14
20180518  748074  66 S14  13
20180518  748074  70 S21   9
20180518  748074  71 S20   8
20180518  748075  65 S15  14
20180518  748075  66 S14  13
20180518  748075  70 S21   9
20180518  748075  71 S20   8
20180518  748077  44 N29  60
20180518  748080  37 N27  58
20180518  748080  38 N26  57
20180518  748080  43 N30  61
20180518  748080  63 S17  16
20180518  748080  64 S16  15
20180518  748080  68 S23  11
20180518  748080  69 S22  10
20180518  748081  32 N22  53
20180518  748081  37 N27  58
20180518  748081  38 N26  57
20180518  748081  43 N30  61
20180518  748105  44 N29  60
20180518  748111  66 S14  13
20180518  748111  71 S20   8
20180518  748112  66 S14  13
20180518  748112  71 S20   8
20180518  748115  66 S14  13
20180518  748115  71 S20   8
20180518  748116  66 S14  13
20180518  748116  71 S20   8
20180519  748431  66 S14  13
20180519  748431  71 S20   8
20180519  748471  14  N4  35
20180519  748472  13  N5  36
20180519  748472  14  N4  35
20180519  748472  15  N3  34
20180519  748472  20 N11  42
20180519  748472  51  S4  28
20180519  748472  52  S3  27
20180519  748472  57 S11  22
20180519  748472  58 S10  21
20180519  748534  48  S7  31
20180519  748534  49  S6  30
20180519  748534  55 S13  24
20180519  748551  75 S26   5
20180519  748551  80 S30   2
20180519  748640  18 N13  44
20180519  748640  24 N19  50
20180519  748641  12  N6  37
20180519  748641  18 N13  44
20180519  748641  19 N12  43
20180519  748641  24 N19  50
20180519  748661  65 S15  14
20180519  748661  70 S21   9
20180519  748661  71 S20   8
20180519  748662  49  S6  30
20180519  748662  50  S5  29
20180519  748662  56 S12  23
20180519  748663  49  S6  30
20180519  748663  50  S5  29
20180519  748663  56 S12  23
20180519  748692  32 N22  53
20180519  748692  37 N27  58
20180519  748692  38 N26  57
20180519  748722  65 S15  14
20180519  748722  66 S14  13
20180519  748722  71 S20   8
20180519  748722  76 S25   4
20180519  748723  71 S20   8
20180519  748723  76 S25   4
20180519  748733  66 S14  13
20180519  748733  71 S20   8
20180519  748734  66 S14  13
20180519  748734  71 S20   8
20180519  748737  66 S14  13
20180519  748737  71 S20   8
20180519  748738  66 S14  13
20180519  748738  71 S20   8
20180520  748860  36 N28  59
20180520  748863  80 S30   2
20180520  748902  12  N6  37
20180520  748903  12  N6  37
20180520  748931  25 N18  49
20180520  748931  26 N17  48
20180520  749008  18 N13  44
20180520  749008  24 N19  50
20180520  749008  25 N18  49
20180520  749009  18 N13  44
20180520  749009  19 N12  43
20180520  749009  24 N19  50
20180520  749009  25 N18  49
20180520  749009  30 N24  55
20180520  749009  52  S3  27
20180520  749009  53  S2  26
20180520  749009  58 S10  21
20180520  749009  59  S9  20
20180520  749009  64 S16  15
20180520  749009  65 S15  14
20180520  749031  18 N13  44
20180520  749048  80 S30   2
20180520  749048  81 S29   1
20180520  749097  57 S11  22
20180520  749098  57 S11  22
20180520  749148  73 S28   7
20180520  749149  73 S28   7
20180520  749166  31 N23  54
20180520  749166  36 N28  59
20180520  749167  25 N18  49
20180520  749167  26 N17  48
20180520  749167  30 N24  55
20180520  749167  31 N23  54
20180520  749167  36 N28  59
20180520  749167  37 N27  58
20180520  749186  12  N6  37
20180520  749187  12  N6  37
20180520  749237  51  S4  28
20180520  749237  57 S11  22
20180520  749288  14  N4  35
20180520  749288  15  N3  34
20180520  749288  51  S4  28
20180520  749288  52  S3  27
20180520  749289  14  N4  35
20180520  749289  15  N3  34
20180520  749289  52  S3  27
20180520  749292  14  N4  35
20180520  749292  15  N3  34
20180520  749292  20 N11  42
20180520  749292  21 N10  41
20180520  749292  27 N16  47
20180520  749292  62 S18  17
20180520  749292  63 S17  16
20180520  749292  68 S23  11
20180520  749292  69 S22  10
20180520  749293  57 S11  22
20180520  749293  62 S18  17
20180520  749293  63 S17  16
20180520  749293  68 S23  11
20180520  749293  69 S22  10
20180520  749343  48  S7  31
20180520  749344  32 N22  53
20180520  749344  33 N21  52
20180520  749344  38 N26  57
20180520  749348  33 N21  52
20180520  749348  38 N26  57
20180520  749348  39 N25  56
20180520  749348  44 N29  60
20180520  749349  38 N26  57
20180520  749349  39 N25  56
20180520  749349  44 N29  60
20180520  749349  62 S18  17
20180520  749349  63 S17  16
20180520  749349  68 S23  11
20180520  749349  69 S22  10
20180520  749352  65 S15  14
20180520  749352  66 S14  13
20180520  749352  71 S20   8
20180520  749352  76 S25   4
20180520  749353  66 S14  13
20180520  749353  71 S20   8
20180520  749353  76 S25   4
20180520  749381  27 N16  47
20180520  749381  32 N22  53
20180520  749381  33 N21  52
20180520  749381  38 N26  57
20180520  749381  39 N25  56
20180520  749381  57 S11  22
20180520  749381  58 S10  21
20180520  749381  63 S17  16
20180520  749381  64 S16  15
20180520  749382  27 N16  47
20180520  749382  32 N22  53
20180520  749382  33 N21  52
20180520  749382  38 N26  57
20180520  749382  39 N25  56
20180520  749383  38 N26  57
20180520  749383  39 N25  56
20180520  749383  44 N29  60
20180520  749384  38 N26  57
20180520  749384  39 N25  56
20180520  749384  44 N29  60
20180520  749394  66 S14  13
20180520  749394  71 S20   8
20180520  749395  66 S14  13
20180520  749395  71 S20   8
20180521  749599  75 S26   5
20180521  749599  80 S30   2
20180521  749600  75 S26   5
20180521  749600  80 S30   2
20180521  749601  75 S26   5
20180521  749601  80 S30   2
20180521  749602  75 S26   5
20180521  749602  80 S30   2
20180521  749603  75 S26   5
20180521  749603  80 S30   2
20180521  749604  75 S26   5
20180521  749604  80 S30   2
20180521  749605  75 S26   5
20180521  749605  80 S30   2
20180521  749606  75 S26   5
20180521  749606  80 S30   2
20180521  749607  75 S26   5
20180521  749607  80 S30   2
20180521  749608  75 S26   5
20180521  749608  80 S30   2
20180521  749609  75 S26   5
20180521  749609  80 S30   2
20180521  749610  75 S26   5
20180521  749610  80 S30   2
20180521  749627  80 S30   2
20180521  749659  18 N13  44
20180521  749659  19 N12  43
20180521  749659  24 N19  50
20180521  749689  16  N2  33
20180521  749689  53  S2  26
20180521  749690  16  N2  33
20180521  749690  53  S2  26
20180521  749696  16  N2  33
20180521  749696  53  S2  26
20180521  749697  16  N2  33
20180521  749697  53  S2  26
20180521  749700  16  N2  33
20180521  749700  53  S2  26
20180521  749701  16  N2  33
20180521  749701  53  S2  26
20180521  749704  16  N2  33
20180521  749704  53  S2  26
20180521  749705  16  N2  33
20180521  749705  53  S2  26
20180522  750093  43 N30  61
20180523  750553  25 N18  49
20180523  750553  30 N24  55
20180523  750555  25 N18  49
20180523  750555  30 N24  55
20180523  750557  25 N18  49
20180523  750557  30 N24  55
20180523  750559  25 N18  49
20180523  750559  30 N24  55
20180523  750577  25 N18  49
20180523  750577  30 N24  55
20180523  750579  25 N18  49
20180523  750579  30 N24  55
20180523  750581  25 N18  49
20180523  750581  30 N24  55
20180523  750583  25 N18  49
20180523  750583  30 N24  55
20180523  750606  25 N18  49
20180523  750606  30 N24  55
20180523  750608  25 N18  49
20180523  750608  30 N24  55
20180523  750610  25 N18  49
20180523  750610  30 N24  55
20180523  750612  25 N18  49
20180523  750612  30 N24  55
20180618  754068  57 S11  22
20180618  754133  14  N4  35
20180618  754133  15  N3  34
20180618  754133  21 N10  41
20180618  754133  22  N9  40
20180618  754133  27 N16  47
20180712  754674  20 N11  42
20180714  755656  80 S30   2
20180714  755658  80 S30   2
20180716  756137  43 N30  61
20180718  756332  14  N4  35
20180718  756332  51  S4  28
20180718  756341  13  N5  36
20180718  756341  14  N4  35
20180718  756342  13  N5  36
20180718  756342  14  N4  35
20180718  756355  76 S25   4
20180718  756364  42 N31  62
20180718  756365  62 S18  17
20180718  756365  63 S17  16
20180718  756365  68 S23  11
20180718  756366  57 S11  22
20180718  756366  62 S18  17
20180718  756366  63 S17  16
20180718  756366  68 S23  11
20180718  756375  67 S24  12
20180718  756375  73 S28   7
20180718  756376  67 S24  12
20180718  756376  73 S28   7
20180718  756393  14  N4  35
20180718  756393  20 N11  42
20180718  756394  14  N4  35
20180718  756394  20 N11  42
20180719  756602  62 S18  17
20180719  756602  63 S17  16
20180719  756602  68 S23  11
20180719  756603  57 S11  22
20180719  756603  62 S18  17
20180719  756603  63 S17  16
20180719  756603  68 S23  11
20180719  756603  69 S22  10
20180719  756612  67 S24  12
20180719  756612  68 S23  11
20180719  756612  73 S28   7
20180719  756613  67 S24  12
20180719  756613  73 S28   7
20180719  756633  13  N5  36
20180719  756633  14  N4  35
20180719  756634  13  N5  36
20180719  756634  14  N4  35
20180719  756634  20 N11  42
20180719  756647  76 S25   4
20180719  756656  42 N31  62
20180719  756657  62 S18  17
20180719  756657  63 S17  16
20180719  756657  68 S23  11
20180719  756658  57 S11  22
20180719  756658  62 S18  17
20180719  756658  63 S17  16
20180719  756658  68 S23  11
20180719  756667  67 S24  12
20180719  756667  73 S28   7
20180719  756668  67 S24  12
20180719  756668  73 S28   7
20180720  756911  69 S22  10
20180720  756911  74 S27   6
20180720  756911  75 S26   5
20180720  756938  11  N7  38
20180720  756938  12  N6  37
20180720  756938  18 N13  44
20180720  756948  11  N7  38
20180720  756948  12  N6  37
20180720  756948  18 N13  44
20180720  756951  38 N26  57
20180720  756951  43 N30  61
20180720  756951  44 N29  60
20180720  756955  38 N26  57
20180720  756955  43 N30  61
20180720  756955  44 N29  60
20180720  756956  65 S15  14
20180720  756956  71 S20   8
20180720  756956  76 S25   4
20180720  756957  65 S15  14
20180720  756957  71 S20   8
20180720  756957  76 S25   4
20180720  756998  73 S28   7
20180720  756999  73 S28   7
20180720  757000  31 N23  54
20180720  757000  36 N28  59
20180720  757000  42 N31  62
20180720  757001  31 N23  54
20180720  757001  36 N28  59
20180720  757002  16  N2  33
20180720  757002  17  N1  32
20180720  757002  23  N8  39
20180720  757003  16  N2  33
20180720  757003  17  N1  32
20180720  757003  23  N8  39
20180720  757023  56 S12  23
20180720  757023  57 S11  22
20180720  757023  62 S18  17
20180720  757023  63 S17  16
20180721  757351  12  N6  37
20180723  758255  50  S5  29
20180723  758255  51  S4  28
20180723  758255  57 S11  22
20180723  758274  55 S13  24
20180723  758274  61 S19  18
20180723  758280  75 S26   5
20180723  758280  80 S30   2
20180723  758281  27 N16  47
20180723  758281  32 N22  53
20180723  758281  33 N21  52
20180723  758281  38 N26  57
20180723  758281  39 N25  56
20180723  758281  44 N29  60
20180725  759168  21 N10  41
20180725  759168  22  N9  40
20180725  759168  27 N16  47
20180725  759168  28 N15  46
20180729  759915  16  N2  33
20180729  759915  53  S2  26
20180729  759920  80 S30   2
20180730  760288  25 N18  49
20180730  760288  30 N24  55
20180730  760290  25 N18  49
20180730  760290  30 N24  55
20180730  760292  25 N18  49
20180730  760292  30 N24  55
20180730  760294  25 N18  49
20180730  760294  30 N24  55
20180730  760299  25 N18  49
20180730  760299  30 N24  55
20180730  760301  25 N18  49
20180730  760301  30 N24  55
20180730  760303  25 N18  49
20180730  760303  30 N24  55
20180730  760305  25 N18  49
20180730  760305  30 N24  55
20180730  760310  25 N18  49
20180730  760310  30 N24  55
20180730  760312  25 N18  49
20180730  760312  30 N24  55
20180730  760314  25 N18  49
20180730  760314  30 N24  55
20180730  760316  25 N18  49
20180730  760316  30 N24  55
20180730  760321  25 N18  49
20180730  760321  30 N24  55
20180730  760323  25 N18  49
20180730  760323  30 N24  55
20180730  760325  25 N18  49
20180730  760325  30 N24  55
20180730  760327  25 N18  49
20180730  760327  30 N24  55
20180730  760332  25 N18  49
20180730  760332  30 N24  55
20180730  760334  25 N18  49
20180730  760334  30 N24  55
20180730  760336  25 N18  49
20180730  760336  30 N24  55
20180730  760338  25 N18  49
20180730  760338  30 N24  55
20180730  760343  25 N18  49
20180730  760343  30 N24  55
20180730  760345  25 N18  49
20180730  760345  30 N24  55
20180730  760347  25 N18  49
20180730  760347  30 N24  55
20180730  760349  25 N18  49
20180730  760349  30 N24  55
20180730  760354  25 N18  49
20180730  760354  30 N24  55
20180730  760356  25 N18  49
20180730  760356  30 N24  55
20180731  760565  25 N18  49
20180731  760565  30 N24  55
20180731  760567  25 N18  49
20180731  760567  30 N24  55
20180731  760569  25 N18  49
20180731  760569  30 N24  55
20180731  760571  25 N18  49
20180731  760571  30 N24  55
20180731  760576  25 N18  49
20180731  760576  30 N24  55
20180731  760578  25 N18  49
20180731  760578  30 N24  55
20180731  760580  25 N18  49
20180731  760580  30 N24  55
20180731  760582  25 N18  49
20180731  760582  30 N24  55
20180731  760587  25 N18  49
20180731  760587  30 N24  55
20180731  760589  25 N18  49
20180731  760589  30 N24  55
20180731  760591  25 N18  49
20180731  760591  30 N24  55
20180731  760593  25 N18  49
20180731  760593  30 N24  55
20180731  760598  25 N18  49
20180731  760598  30 N24  55
20180731  760600  25 N18  49
20180731  760600  30 N24  55
20180731  760602  25 N18  49
20180731  760602  30 N24  55
20180731  760604  25 N18  49
20180731  760604  30 N24  55
20180731  760609  25 N18  49
20180731  760609  30 N24  55
20180731  760611  25 N18  49
20180731  760611  30 N24  55
20180731  760613  25 N18  49
20180731  760613  30 N24  55
20180731  760615  25 N18  49
20180731  760615  30 N24  55
20180801  760887  18 N13  44
20180801  760899  39 N25  56
20180801  760899  44 N29  60
20180801  760900  64 S16  15
20180801  760900  70 S21   9
20180801  760900  75 S26   5
20180801  760901  70 S21   9
20180801  760901  75 S26   5
20180801  760930  36 N28  59
20180801  760930  37 N27  58
20180801  760930  42 N31  62
20180801  760942  23  N8  39
20180801  760942  29 N14  45
20180801  760979  37 N27  58
20180801  760982  80 S30   2
20180801  760983  32 N22  53
20180801  760983  37 N27  58
20180801  760983  38 N26  57
20180801  760983  43 N30  61
20180801  760984  37 N27  58
20180801  760984  38 N26  57
20180801  760984  43 N30  61
20180801  760984  63 S17  16
20180801  760984  64 S16  15
20180801  760984  68 S23  11
20180801  760984  69 S22  10
20180801  760987  59  S9  20
20180801  760987  65 S15  14
20180801  760987  66 S14  13
20180801  760987  70 S21   9
20180801  760987  71 S20   8
20180801  760988  65 S15  14
20180801  760988  66 S14  13
20180801  760988  70 S21   9
20180801  760988  71 S20   8
20180801  760990  44 N29  60
20180801  761104  66 S14  13
20180801  761104  71 S20   8
