#date     expnum ccd id ccdnum
# Airplane
20211201 1056275 nan nan 4
20211201 1056275 nan nan 8
20211201 1056275 nan nan 9
20211201 1056275 nan nan 14
20211201 1056275 nan nan 15
20211201 1056275 nan nan 20
20211201 1056275 nan nan 21
20211201 1056275 nan nan 27
20211201 1056275 nan nan 28
20211201 1056275 nan nan 34
20211201 1056275 nan nan 35
20211201 1056275 nan nan 41
20211201 1056275 nan nan 42
20211201 1056275 nan nan 47
20211201 1056275 nan nan 48
20211201 1056275 nan nan 53
20211201 1056275 nan nan 58
20211201 1056275 nan nan 61
20211201 1056275 nan nan 62
# Meteor
20220511 1094492 nan nan 13
20220511 1094492 nan nan 14
20220511 1094492 nan nan 20
20220511 1094492 nan nan 21
20220511 1094492 nan nan 28
20220511 1094492 nan nan 36
20220511 1094492 nan nan 37
20220511 1094492 nan nan 43
20220511 1094492 nan nan 44
20220511 1094492 nan nan 50
# Meteor
20220523 1100221 nan nan 1
20220523 1100221 nan nan 4
20220523 1100221 nan nan 14
20220523 1100221 nan nan 20
20220523 1100221 nan nan 26
20220523 1100221 nan nan 33
20220523 1100221 nan nan 39
20220523 1100221 nan nan 45
# Scattered light?
20220630 1111517 nan nan 19
20220630 1111517 nan nan 26
20220630 1111517 nan nan 33
20220630 1111517 nan nan 40
20220630 1111517 nan nan 46
20220630 1111517 nan nan 52
20220630 1111517 nan nan 56
20220630 1111517 nan nan 60
# Scattered light?
20220630 1111523 nan nan 19
20220630 1111523 nan nan 26
20220630 1111523 nan nan 33
20220630 1111523 nan nan 40
20220630 1111523 nan nan 46
20220630 1111523 nan nan 52
20220630 1111523 nan nan 56
20220630 1111523 nan nan 60
