#date     expnum ccd id ccdnum
20151011  483951 nan nan   25
20151011  483951 nan nan   32
20151011  483951 nan nan   39
20151011  483951 nan nan   45
20151011  483951 nan nan   51
20151011  483951 nan nan   56
20151011  483951 nan nan   60
20160115  511953 nan nan   13
20160115  511953 nan nan   19
20160218  518844 nan nan   5
20160218  518844 nan nan   10
20160218  518844 nan nan   15
20160218  518844 nan nan   22
20160218  518844 nan nan   28
20160218  518844 nan nan   35
20160218  518844 nan nan   42
20160218  518844 nan nan   48
20160218  518844 nan nan   54
20160218  518844 nan nan   58
20160218  518844 nan nan   62
