#date     expnum ccd id ccdnum
20140328  296596  32 N22  53
20140328  296596  37 N27  58
20140328  296596  38 N26  57
20140328  296597  32 N22  53
20140328  296597  37 N27  58
20140328  296597  38 N26  57
20140328  296728  75 S26   5
20140328  296728  80 S30   2
20140328  296729  75 S26   5
20140328  296729  80 S30   2
20140405  299455  73 S28   7
20140405  299474  73 S28   7
20140405  299622  73 S28   7
20140416  301652  68 S23  11
20140416  301652  73 S28   7
20140416  301652  79 S31   3
20140416  301665  39 N25  56
20140416  301667  12  N6  37
20140416  301667  13  N5  36
20140416  301667  15  N3  34
20140416  301667  16  N2  33
20140416  301667  18 N13  44
20140416  301667  19 N12  43
20140416  301667  20 N11  42
20140416  301667  21 N10  41
20140416  301667  22  N9  40
20140416  301667  25 N18  49
20140416  301667  26 N17  48
20140416  301667  27 N16  47
20140416  301667  28 N15  46
20140416  301667  30 N24  55
20140416  301667  31 N23  54
20140416  301667  32 N22  53
20140416  301667  33 N21  52
20140416  301667  49  S6  30
20140416  301667  50  S5  29
20140416  301667  51  S4  28
20140416  301667  52  S3  27
20140416  301667  56 S12  23
20140416  301667  57 S11  22
20140416  301667  58 S10  21
20140416  301667  59  S9  20
20140416  301667  62 S18  17
20140416  301667  63 S17  16
20140416  301667  64 S16  15
20140416  301671  55 S13  24
20140416  301671  61 S19  18
20140416  301674  19 N12  43
20140416  301674  24 N19  50
20140416  301674  25 N18  49
20140416  301674  30 N24  55
20140420  302958  28 N15  46
20140420  302958  34 N20  51
20140420  302958  39 N25  56
20140420  302959  28 N15  46
20140420  302959  34 N20  51
20140420  302959  39 N25  56
20140420  302960  28 N15  46
20140420  302960  34 N20  51
20140420  302961  34 N20  51
20140420  302961  39 N25  56
20140420  302961  61 S19  18
20140420  302961  62 S18  17
20140420  302961  67 S24  12
20140420  302961  68 S23  11
20140420  302962  34 N20  51
20140420  302962  39 N25  56
20140420  302962  61 S19  18
20140420  302962  62 S18  17
20140420  302962  67 S24  12
20140420  302962  68 S23  11
20140420  302963  34 N20  51
20140420  302963  61 S19  18
20140420  302963  62 S18  17
20140420  302963  67 S24  12
20140420  302963  68 S23  11
20140420  302964  28 N15  46
20140420  302964  34 N20  51
20140420  302965  28 N15  46
20140420  302965  34 N20  51
20140420  302966  28 N15  46
20140420  302966  34 N20  51
20140420  302967  34 N20  51
20140420  302969  34 N20  51
20140420  302970  13  N5  36
20140420  302970  14  N4  35
20140420  302970  15  N3  34
20140420  302970  20 N11  42
20140420  302970  50  S5  29
20140420  302970  51  S4  28
20140420  302970  52  S3  27
20140420  302970  57 S11  22
20140420  302970  58 S10  21
20140420  302971  13  N5  36
20140420  302971  14  N4  35
20140420  302971  15  N3  34
20140420  302971  20 N11  42
20140420  302971  50  S5  29
20140420  302971  51  S4  28
20140420  302971  52  S3  27
20140420  302971  57 S11  22
20140420  302971  58 S10  21
20140420  302972  13  N5  36
20140420  302972  14  N4  35
20140420  302972  15  N3  34
20140420  302972  20 N11  42
20140420  302972  50  S5  29
20140420  302972  51  S4  28
20140420  302972  52  S3  27
20140420  302972  57 S11  22
20140420  302972  58 S10  21
20140420  302976  13  N5  36
20140420  302976  14  N4  35
20140420  302977  13  N5  36
20140420  302977  14  N4  35
20140420  302978  13  N5  36
20140420  302978  14  N4  35
20140420  302979  13  N5  36
20140420  302979  14  N4  35
20140420  302979  20 N11  42
20140420  302979  50  S5  29
20140420  302979  51  S4  28
20140420  302980  13  N5  36
20140420  302980  14  N4  35
20140420  302980  20 N11  42
20140420  302980  50  S5  29
20140420  302980  51  S4  28
20140506  311295  14  N4  35
20140506  311295  51  S4  28
20140506  311296  21 N10  41
20140506  311296  27 N16  47
20140506  311297  15  N3  34
20140506  311297  52  S3  27
20140506  311297  58 S10  21
20140506  311297  59  S9  20
20140506  311298  57 S11  22
20140506  311298  58 S10  21
20140506  311298  63 S17  16
20140506  311298  64 S16  15
20140506  311299  13  N5  36
20140506  311299  50  S5  29
20140506  311299  51  S4  28
20140506  311299  56 S12  23
20140506  311299  57 S11  22
20140506  311300  13  N5  36
20140506  311300  14  N4  35
20140506  311300  19 N12  43
20140506  311300  20 N11  42
20140506  311302  14  N4  35
20140506  311303  21 N10  41
20140506  311303  27 N16  47
20140506  311304  52  S3  27
20140506  311305  57 S11  22
20140506  311305  63 S17  16
20140506  311306  50  S5  29
20140506  311307  13  N5  36
20140506  311307  20 N11  42
20140506  311330  38 N26  57
20140506  311330  43 N30  61
20140506  311330  44 N29  60
20140506  311335  42 N31  62
20140506  311335  43 N30  61
20140506  311354  30 N24  55
20140506  311394  58 S10  21
20140506  311394  64 S16  15
20140506  311395  15  N3  34
20140506  311395  22  N9  40
20140506  311397  13  N5  36
20140506  311397  20 N11  42
20140506  311398  50  S5  29
20140506  311398  51  S4  28
20140506  311587  12  N6  37
20140506  311587  13  N5  36
20140506  311587  14  N4  35
20140506  311587  15  N3  34
20140506  311587  16  N2  33
20140506  311587  19 N12  43
20140506  311587  20 N11  42
20140506  311587  21 N10  41
20140506  311587  22  N9  40
20140506  311587  25 N18  49
20140506  311587  26 N17  48
20140506  311587  27 N16  47
20140506  311587  28 N15  46
20140506  311587  31 N23  54
20140506  311587  32 N22  53
20140506  311587  33 N21  52
20140506  311587  49  S6  30
20140506  311587  50  S5  29
20140506  311587  51  S4  28
20140506  311587  52  S3  27
20140506  311587  53  S2  26
20140506  311587  55 S13  24
20140506  311587  56 S12  23
20140506  311587  57 S11  22
20140506  311587  58 S10  21
20140506  311587  59  S9  20
20140506  311587  62 S18  17
20140506  311587  63 S17  16
20140506  311587  64 S16  15
20140506  311587  65 S15  14
20140506  311587  68 S23  11
20140506  311587  69 S22  10
20140506  311587  70 S21   9
20140506  311587  74 S27   6
20140506  311588  12  N6  37
20140506  311588  13  N5  36
20140506  311588  14  N4  35
20140506  311588  15  N3  34
20140506  311588  16  N2  33
20140506  311588  19 N12  43
20140506  311588  20 N11  42
20140506  311588  21 N10  41
20140506  311588  22  N9  40
20140506  311588  25 N18  49
20140506  311588  26 N17  48
20140506  311588  27 N16  47
20140506  311588  28 N15  46
20140506  311588  31 N23  54
20140506  311588  32 N22  53
20140506  311588  33 N21  52
20140506  311588  49  S6  30
20140506  311588  50  S5  29
20140506  311588  51  S4  28
20140506  311588  52  S3  27
20140506  311588  53  S2  26
20140506  311588  56 S12  23
20140506  311588  57 S11  22
20140506  311588  58 S10  21
20140506  311588  59  S9  20
20140506  311588  62 S18  17
20140506  311588  63 S17  16
20140506  311588  64 S16  15
20140506  311588  65 S15  14
20140506  311588  67 S24  12
20140506  311588  68 S23  11
20140506  311588  69 S22  10
20140506  311588  70 S21   9
20140506  311588  71 S20   8
20140506  311588  73 S28   7
20140506  311588  74 S27   6
20140506  311588  75 S26   5
20140506  311588  79 S31   3
20140506  311588  80 S30   2
20140506  311589  12  N6  37
20140506  311589  13  N5  36
20140506  311589  14  N4  35
20140506  311589  15  N3  34
20140506  311589  16  N2  33
20140506  311589  19 N12  43
20140506  311589  20 N11  42
20140506  311589  21 N10  41
20140506  311589  22  N9  40
20140506  311589  23  N8  39
20140506  311589  25 N18  49
20140506  311589  26 N17  48
20140506  311589  27 N16  47
20140506  311589  28 N15  46
20140506  311589  29 N14  45
20140506  311589  31 N23  54
20140506  311589  32 N22  53
20140506  311589  33 N21  52
20140506  311589  34 N20  51
20140506  311589  49  S6  30
20140506  311589  50  S5  29
20140506  311589  51  S4  28
20140506  311589  52  S3  27
20140506  311589  53  S2  26
20140506  311589  56 S12  23
20140506  311589  57 S11  22
20140506  311589  58 S10  21
20140506  311589  59  S9  20
20140506  311589  60  S8  19
20140506  311589  62 S18  17
20140506  311589  63 S17  16
20140506  311589  64 S16  15
20140506  311589  65 S15  14
20140506  311589  68 S23  11
20140506  311589  69 S22  10
20140506  311589  70 S21   9
20140506  311590  12  N6  37
20140506  311590  13  N5  36
20140506  311590  14  N4  35
20140506  311590  15  N3  34
20140506  311590  16  N2  33
20140506  311590  18 N13  44
20140506  311590  19 N12  43
20140506  311590  20 N11  42
20140506  311590  21 N10  41
20140506  311590  22  N9  40
20140506  311590  24 N19  50
20140506  311590  25 N18  49
20140506  311590  26 N17  48
20140506  311590  27 N16  47
20140506  311590  28 N15  46
20140506  311590  30 N24  55
20140506  311590  31 N23  54
20140506  311590  32 N22  53
20140506  311590  33 N21  52
20140506  311590  36 N28  59
20140506  311590  37 N27  58
20140506  311590  38 N26  57
20140506  311590  42 N31  62
20140506  311590  43 N30  61
20140506  311590  49  S6  30
20140506  311590  50  S5  29
20140506  311590  51  S4  28
20140506  311590  52  S3  27
20140506  311590  53  S2  26
20140506  311590  56 S12  23
20140506  311590  57 S11  22
20140506  311590  58 S10  21
20140506  311590  59  S9  20
20140506  311590  62 S18  17
20140506  311590  63 S17  16
20140506  311590  64 S16  15
20140506  311590  65 S15  14
20140506  311590  68 S23  11
20140506  311590  69 S22  10
20140506  311590  70 S21   9
20140506  311591  11  N7  38
20140506  311591  12  N6  37
20140506  311591  13  N5  36
20140506  311591  14  N4  35
20140506  311591  15  N3  34
20140506  311591  16  N2  33
20140506  311591  18 N13  44
20140506  311591  19 N12  43
20140506  311591  20 N11  42
20140506  311591  21 N10  41
20140506  311591  22  N9  40
20140506  311591  24 N19  50
20140506  311591  25 N18  49
20140506  311591  26 N17  48
20140506  311591  27 N16  47
20140506  311591  28 N15  46
20140506  311591  30 N24  55
20140506  311591  31 N23  54
20140506  311591  32 N22  53
20140506  311591  33 N21  52
20140506  311591  48  S7  31
20140506  311591  49  S6  30
20140506  311591  50  S5  29
20140506  311591  51  S4  28
20140506  311591  52  S3  27
20140506  311591  53  S2  26
20140506  311591  55 S13  24
20140506  311591  56 S12  23
20140506  311591  57 S11  22
20140506  311591  58 S10  21
20140506  311591  59  S9  20
20140506  311591  61 S19  18
20140506  311591  62 S18  17
20140506  311591  63 S17  16
20140506  311591  64 S16  15
20140506  311591  65 S15  14
20140506  311591  67 S24  12
20140506  311591  68 S23  11
20140506  311591  69 S22  10
20140506  311591  70 S21   9
20140506  311592  11  N7  38
20140506  311592  12  N6  37
20140506  311592  13  N5  36
20140506  311592  14  N4  35
20140506  311592  15  N3  34
20140506  311592  18 N13  44
20140506  311592  19 N12  43
20140506  311592  20 N11  42
20140506  311592  21 N10  41
20140506  311592  25 N18  49
20140506  311592  26 N17  48
20140506  311592  48  S7  31
20140506  311592  49  S6  30
20140506  311592  51  S4  28
20140506  311592  52  S3  27
20140506  311592  55 S13  24
20140506  311592  56 S12  23
20140506  311592  57 S11  22
20140506  311592  58 S10  21
20140506  311592  61 S19  18
20140506  311592  62 S18  17
20140506  311592  63 S17  16
20140506  311592  64 S16  15
20140506  311592  67 S24  12
20140506  311592  68 S23  11
20140506  311592  69 S22  10
20140506  311592  73 S28   7
20140506  311592  74 S27   6
20140507  311876  14  N4  35
20140507  311876  15  N3  34
20140507  311877  26 N17  48
20140507  311877  27 N16  47
20140507  311878  14  N4  35
20140507  311878  51  S4  28
20140507  311879  58 S10  21
20140507  311879  64 S16  15
20140507  311880  16  N2  33
20140507  311880  52  S3  27
20140507  311880  53  S2  26
20140507  311883  14  N4  35
20140507  311883  15  N3  34
20140507  311884  26 N17  48
20140507  311884  27 N16  47
20140507  311885  14  N4  35
20140507  311885  51  S4  28
20140507  311886  58 S10  21
20140507  311886  64 S16  15
20140507  311887  16  N2  33
20140507  311887  52  S3  27
20140507  311887  53  S2  26
20140507  312129  53  S2  26
20140507  312130  60  S8  19
20140507  312130  66 S14  13
20140507  312131  17  N1  32
20140507  312131  54  S1  25
20140507  312132  22  N9  40
20140507  312132  28 N15  46
20140507  312133  15  N3  34
20140507  312134  52  S3  27
20140507  312134  58 S10  21
20140507  312134  59  S9  20
20140508  312694  66 S14  13
20140508  312694  71 S20   8
20140508  312695  66 S14  13
20140508  312695  71 S20   8
20140508  312696  66 S14  13
20140508  312696  71 S20   8
20140508  312697  66 S14  13
20140508  312697  71 S20   8
20140508  312698  66 S14  13
20140508  312698  71 S20   8
20140508  312699  66 S14  13
20140508  312699  71 S20   8
20140510  313478  13  N5  36
20140510  313478  49  S6  30
20140510  313478  50  S5  29
20140510  313478  12  N6  37
20140510  313479  13  N5  36
20140510  313479  50  S5  29
20140510  313480  13  N5  36
20140510  313480  50  S5  29
20140510  313481  12  N6  37
20140510  313481  13  N5  36
20140510  313481  50  S5  29
20140510  313481  49  S6  30
20140510  313482  13  N5  36
20140510  313482  49  S6  30
20140510  313482  50  S5  29
20140510  313482  12  N6  37
20140510  313483  13  N5  36
20140510  313483  50  S5  29
20140510  313484  13  N5  36
20140510  313484  50  S5  29
20140510  313485  12  N6  37
20140510  313485  13  N5  36
20140510  313485  50  S5  29
20140510  313485  49  S6  30
20140510  313486  12  N6  37
20140510  313486  13  N5  36
20140510  313486  49  S6  30
20140510  313486  50  S5  29
20140510  313487  13  N5  36
20140510  313487  50  S5  29
20140510  313488  13  N5  36
20140510  313488  50  S5  29
20140510  313489  12  N6  37
20140510  313489  13  N5  36
20140510  313489  49  S6  30
20140510  313489  50  S5  29
20140510  313490  12  N6  37
20140510  313490  13  N5  36
20140510  313490  14  N4  35
20140510  313490  15  N3  34
20140510  313490  21 N10  41
20140510  313490  49  S6  30
20140510  313490  50  S5  29
20140510  313490  51  S4  28
20140510  313490  52  S3  27
20140510  313491  13  N5  36
20140510  313491  14  N4  35
20140510  313491  15  N3  34
20140510  313491  21 N10  41
20140510  313491  50  S5  29
20140510  313491  51  S4  28
20140510  313491  52  S3  27
20140510  313492  13  N5  36
20140510  313492  14  N4  35
20140510  313492  15  N3  34
20140510  313492  50  S5  29
20140510  313492  51  S4  28
20140510  313492  52  S3  27
20140510  313492  58 S10  21
20140510  313493  12  N6  37
20140510  313493  13  N5  36
20140510  313493  14  N4  35
20140510  313493  15  N3  34
20140510  313493  49  S6  30
20140510  313493  50  S5  29
20140510  313493  51  S4  28
20140510  313493  52  S3  27
20140510  313493  58 S10  21
20140510  313494  13  N5  36
20140510  313494  14  N4  35
20140510  313494  15  N3  34
20140510  313494  50  S5  29
20140510  313494  51  S4  28
20140510  313494  52  S3  27
20140510  313494  58 S10  21
20140510  313499  54  S1  25
20140510  313502  54  S1  25
20140510  313503  54  S1  25
20140510  313506  54  S1  25
20140510  313507  54  S1  25
20140510  313510  54  S1  25
20140510  313518  12  N6  37
20140510  313518  13  N5  36
20140510  313518  49  S6  30
20140510  313518  50  S5  29
20140510  313519  13  N5  36
20140510  313519  50  S5  29
20140510  313520  13  N5  36
20140510  313520  50  S5  29
20140510  313521  12  N6  37
20140510  313521  13  N5  36
20140510  313521  49  S6  30
20140510  313521  50  S5  29
20140510  313522  12  N6  37
20140510  313522  13  N5  36
20140510  313522  14  N4  35
20140510  313522  15  N3  34
20140510  313522  21 N10  41
20140510  313522  49  S6  30
20140510  313522  50  S5  29
20140510  313522  51  S4  28
20140510  313522  52  S3  27
20140510  313523  13  N5  36
20140510  313523  14  N4  35
20140510  313523  15  N3  34
20140510  313523  21 N10  41
20140510  313523  50  S5  29
20140510  313523  51  S4  28
20140510  313523  52  S3  27
20140510  313524  13  N5  36
20140510  313524  14  N4  35
20140510  313524  15  N3  34
20140510  313524  50  S5  29
20140510  313524  51  S4  28
20140510  313524  52  S3  27
20140510  313524  58 S10  21
20140510  313525  12  N6  37
20140510  313525  13  N5  36
20140510  313525  14  N4  35
20140510  313525  15  N3  34
20140510  313525  49  S6  30
20140510  313525  50  S5  29
20140510  313525  51  S4  28
20140510  313525  52  S3  27
20140510  313525  58 S10  21
20140510  313530  54  S1  25
20140510  313533  54  S1  25
20140510  313534  54  S1  25
20140510  313537  54  S1  25
20140510  313538  54  S1  25
20140510  313541  54  S1  25
20140511  313939  13  N5  36
20140511  313939  50  S5  29
20140511  313940  13  N5  36
20140511  313940  50  S5  29
20140511  313941  13  N5  36
20140511  313941  50  S5  29
20140511  313946  54  S1  25
20140511  313949  54  S1  25
20140511  313950  54  S1  25
20140511  313953  54  S1  25
20140511  313954  54  S1  25
20140511  313957  54  S1  25
20140516  314625  52  S3  27
20140516  314626  52  S3  27
20140516  314626  59  S9  20
20140516  314627  52  S3  27
20140516  314627  59  S9  20
20140516  314629  52  S3  27
20140516  314629  59  S9  20
20140516  314630  52  S3  27
20140516  314630  59  S9  20
20140516  314632  52  S3  27
20140516  314632  59  S9  20
20140516  314636  52  S3  27
20140516  314636  59  S9  20
20140526  317593  66 S14  13
20140526  317593  71 S20   8
20140526  317594  66 S14  13
20140526  317594  71 S20   8
20140526  317595  66 S14  13
20140526  317595  71 S20   8
20140526  317603  66 S14  13
20140526  317603  71 S20   8
20140526  317604  66 S14  13
20140526  317604  71 S20   8
20140526  317605  66 S14  13
20140526  317605  71 S20   8
20140530  318655  60  S8  19
20140530  318655  66 S14  13
20140530  318656  60  S8  19
20140530  318656  66 S14  13
20140530  318665  60  S8  19
20140530  318665  66 S14  13
20140530  318666  66 S14  13
20140530  318674  60  S8  19
20140530  318674  66 S14  13
20140530  318675  60  S8  19
20140530  318675  66 S14  13
20140530  318676  60  S8  19
20140530  318676  66 S14  13
20140530  318677  60  S8  19
20140530  318677  66 S14  13
20140530  318678  60  S8  19
20140530  318678  66 S14  13
20140530  318679  60  S8  19
20140530  318679  66 S14  13
20140605  320252  33 N21  52
20140605  320252  39 N25  56
20140605  320261  38 N26  57
20140605  320261  39 N25  56
20140605  320286  12  N6  37
20140605  320286  13  N5  36
20140605  320286  14  N4  35
20140605  320286  15  N3  34
20140605  320286  16  N2  33
20140605  320286  17  N1  32
20140605  320286  21 N10  41
20140605  320286  22  N9  40
20140605  320286  23  N8  39
20140605  320286  28 N15  46
20140605  320286  29 N14  45
20140605  320286  49  S6  30
20140605  320286  50  S5  29
20140605  320286  52  S3  27
20140605  320286  53  S2  26
20140605  320286  54  S1  25
20140605  320286  55 S13  24
20140605  320286  56 S12  23
20140605  320286  59  S9  20
20140605  320286  60  S8  19
20140605  320289  36 N28  59
20140605  320368  64 S16  15
20140605  320368  69 S22  10
20140605  320368  70 S21   9
20140605  320368  75 S26   5
20140605  320368  80 S30   2
20140605  320369  69 S22  10
20140605  320369  70 S21   9
20140605  320369  75 S26   5
20140605  320369  80 S30   2
20140605  320429  20 N11  42
20140605  320429  26 N17  48
20140605  320436  12  N6  37
20140605  320436  14  N4  35
20140605  320436  15  N3  34
20140605  320436  16  N2  33
20140605  320436  17  N1  32
20140605  320436  21 N10  41
20140605  320436  22  N9  40
20140605  320436  23  N8  39
20140605  320436  28 N15  46
20140605  320436  29 N14  45
20140605  320436  49  S6  30
20140605  320436  50  S5  29
20140605  320436  52  S3  27
20140605  320436  53  S2  26
20140605  320436  54  S1  25
20140605  320436  55 S13  24
20140605  320436  56 S12  23
20140605  320436  59  S9  20
20140605  320436  60  S8  19
20140605  320441  36 N28  59
20140605  320443  36 N28  59
20140605  320490  64 S16  15
20140605  320490  69 S22  10
20140605  320490  70 S21   9
20140605  320490  75 S26   5
20140605  320490  80 S30   2
20140605  320491  69 S22  10
20140605  320491  70 S21   9
20140605  320491  75 S26   5
20140605  320491  80 S30   2
20140605  320551  20 N11  42
20140605  320551  26 N17  48
20140605  320558  28 N15  46
20140605  320558  29 N14  45
20140605  320558  34 N20  51
20140614  322672  57 S11  22
20140614  322672  62 S18  17
20140614  322672  63 S17  16
20140614  322673  57 S11  22
20140614  322673  63 S17  16
20140614  322674  57 S11  22
20140614  322674  63 S17  16
20140614  322675  56 S12  23
20140614  322675  57 S11  22
20140614  322675  62 S18  17
20140614  322675  63 S17  16
20140614  322676  57 S11  22
20140614  322676  62 S18  17
20140614  322676  63 S17  16
20140614  322677  57 S11  22
20140614  322677  63 S17  16
20140614  322678  57 S11  22
20140614  322678  63 S17  16
20140614  322679  56 S12  23
20140614  322679  57 S11  22
20140614  322679  62 S18  17
20140614  322679  63 S17  16
20140614  322951  61 S19  18
20140614  322955  61 S19  18
20140615  323501  61 S19  18
20140615  323502  61 S19  18
20140615  323503  61 S19  18
20140615  323506  61 S19  18
20140615  323507  61 S19  18
20140615  323510  61 S19  18
20140615  323772  14  N4  35
20140615  323772  15  N3  34
20140615  323772  20 N11  42
20140615  323772  21 N10  41
20140615  323773  14  N4  35
20140615  323773  15  N3  34
20140615  323773  20 N11  42
20140615  323773  21 N10  41
20140615  323774  14  N4  35
20140615  323774  15  N3  34
20140615  323774  21 N10  41
20140615  323775  14  N4  35
20140615  323775  21 N10  41
20140615  323775  27 N16  47
20140615  323776  14  N4  35
20140615  323776  20 N11  42
20140615  323776  21 N10  41
20140615  323776  27 N16  47
20140615  323777  14  N4  35
20140615  323777  15  N3  34
20140615  323777  20 N11  42
20140615  323777  21 N10  41
20140615  323777  50  S5  29
20140615  323777  51  S4  28
20140615  323777  57 S11  22
20140615  323777  58 S10  21
20140615  323778  13  N5  36
20140615  323778  14  N4  35
20140615  323778  15  N3  34
20140615  323778  21 N10  41
20140615  323778  50  S5  29
20140615  323778  51  S4  28
20140615  323778  57 S11  22
20140615  323778  58 S10  21
20140615  323779  13  N5  36
20140615  323779  14  N4  35
20140615  323779  21 N10  41
20140615  323779  27 N16  47
20140615  323779  50  S5  29
20140615  323779  51  S4  28
20140615  323779  57 S11  22
20140615  323779  58 S10  21
20140615  323780  14  N4  35
20140615  323780  20 N11  42
20140615  323780  21 N10  41
20140615  323780  27 N16  47
20140615  323780  50  S5  29
20140615  323780  51  S4  28
20140615  323780  57 S11  22
20140615  323780  58 S10  21
20140616  324090  71 S20   8
20140616  324090  75 S26   5
20140616  324090  76 S25   4
20140616  324091  36 N28  59
20140616  324091  71 S20   8
20140616  324091  75 S26   5
20140616  324091  76 S25   4
20140616  324092  36 N28  59
20140616  324092  75 S26   5
20140616  324092  76 S25   4
20140616  324092  81 S29   1
20140616  324093  76 S25   4
20140616  324093  81 S29   1
20140616  324191  63 S17  16
20140616  324191  68 S23  11
20140616  324191  69 S22  10
20140616  324192  63 S17  16
20140616  324192  69 S22  10
20140616  324193  57 S11  22
20140616  324193  63 S17  16
20140616  324194  57 S11  22
20140616  324194  63 S17  16
20140616  324199  57 S11  22
20140616  324199  63 S17  16
20140616  324226  73 S28   7
20140616  324226  74 S27   6
20140616  324226  79 S31   3
20140616  324227  73 S28   7
20140616  324227  74 S27   6
20140616  324227  79 S31   3
20140616  324228  74 S27   6
20140616  324228  79 S31   3
20140616  324228  80 S30   2
20140616  324229  74 S27   6
20140616  324229  79 S31   3
20140616  324229  80 S30   2
20140616  324230  73 S28   7
20140616  324230  74 S27   6
20140616  324230  79 S31   3
20140616  324231  73 S28   7
20140616  324231  74 S27   6
20140616  324231  79 S31   3
20140616  324232  74 S27   6
20140616  324232  79 S31   3
20140616  324232  80 S30   2
20140616  324233  74 S27   6
20140616  324233  79 S31   3
20140616  324233  80 S30   2
20140616  324234  73 S28   7
20140616  324234  74 S27   6
20140616  324234  79 S31   3
20140616  324302  17  N1  32
20140616  324303  17  N1  32
20140616  324307  17  N1  32
20140617  324830  29 N14  45
20140617  324835  29 N14  45
20140617  324836  23  N8  39
20140617  324836  29 N14  45
20140617  324837  29 N14  45
20140617  324838  29 N14  45
20140617  324839  29 N14  45
20140617  324840  29 N14  45
20140617  324841  29 N14  45
20140617  324842  29 N14  45
20140617  324842  34 N20  51
20140617  324843  29 N14  45
20140617  324844  29 N14  45
20140617  324845  29 N14  45
20140617  324846  23  N8  39
20140617  324846  29 N14  45
20140617  324847  29 N14  45
20140617  324848  29 N14  45
20140617  324849  61 S19  18
20140617  324854  61 S19  18
20140617  324855  61 S19  18
20140617  324858  61 S19  18
20140617  324859  61 S19  18
20140617  324862  61 S19  18
20140617  324863  61 S19  18
20140617  324864  61 S19  18
20140617  324865  61 S19  18
20140617  324866  61 S19  18
20140617  324867  61 S19  18
20140617  324925  52  S3  27
20140617  324925  58 S10  21
20140617  324925  59  S9  20
20140617  324925  56 S12  23
20140617  324925  57 S11  22
20140617  324925  62 S18  17
20140617  324925  63 S17  16
20140617  324930  52  S3  27
20140617  324930  58 S10  21
20140617  324930  59  S9  20
20140617  324930  14  N4  35
20140617  324930  15  N3  34
20140617  324930  20 N11  42
20140617  324930  21 N10  41
20140617  324930  56 S12  23
20140617  324930  57 S11  22
20140617  324930  62 S18  17
20140617  324930  63 S17  16
20140617  324931  52  S3  27
20140617  324931  53  S2  26
20140617  324931  58 S10  21
20140617  324931  59  S9  20
20140617  324931  14  N4  35
20140617  324931  15  N3  34
20140617  324931  20 N11  42
20140617  324931  21 N10  41
20140617  324931  56 S12  23
20140617  324931  57 S11  22
20140617  324931  62 S18  17
20140617  324931  63 S17  16
20140617  324932  15  N3  34
20140617  324932  52  S3  27
20140617  324932  53  S2  26
20140617  324932  59  S9  20
20140617  324932  14  N4  35
20140617  324932  20 N11  42
20140617  324932  21 N10  41
20140617  324932  50  S5  29
20140617  324932  51  S4  28
20140617  324932  56 S12  23
20140617  324932  57 S11  22
20140617  324932  62 S18  17
20140617  324932  63 S17  16
20140617  324959  73 S28   7
20140617  324959  79 S31   3
20140617  324968  73 S28   7
20140617  324968  79 S31   3
20140617  324969  73 S28   7
20140617  324969  79 S31   3
20140617  324970  73 S28   7
20140617  324970  79 S31   3
20140617  324971  73 S28   7
20140617  324971  79 S31   3
20140617  324972  73 S28   7
20140617  324972  79 S31   3
20140617  324973  73 S28   7
20140617  324973  79 S31   3
20140617  324974  73 S28   7
20140617  324974  79 S31   3
20140617  324975  73 S28   7
20140617  324975  79 S31   3
20140617  324976  73 S28   7
20140617  324976  79 S31   3
20140617  324977  73 S28   7
20140617  324977  79 S31   3
20140617  324978  73 S28   7
20140617  324978  79 S31   3
20140617  324979  73 S28   7
20140617  324979  79 S31   3
20140617  324980  73 S28   7
20140617  324980  79 S31   3
20140617  324981  73 S28   7
20140617  324981  79 S31   3
20140617  325151  36 N28  59
20140617  325151  42 N31  62
20140617  325152  36 N28  59
20140617  325152  42 N31  62
20140617  325156  36 N28  59
20140617  325156  42 N31  62
20140617  325157  36 N28  59
20140617  325157  42 N31  62
20140619  326620  53  S2  26
20140619  326620  59  S9  20
20140619  326620  60  S8  19
20140619  326625  13  N5  36
20140619  326625  14  N4  35
20140619  326625  19 N12  43
20140619  326625  20 N11  42
20140619  326625  50  S5  29
20140619  326625  53  S2  26
20140619  326625  59  S9  20
20140619  326625  60  S8  19
20140619  326626  12  N6  37
20140619  326626  13  N5  36
20140619  326626  19 N12  43
20140619  326626  20 N11  42
20140619  326626  50  S5  29
20140619  326626  53  S2  26
20140619  326626  59  S9  20
20140619  326626  60  S8  19
20140619  326627  12  N6  37
20140619  326627  13  N5  36
20140619  326627  16  N2  33
20140619  326627  19 N12  43
20140619  326627  20 N11  42
20140619  326627  50  S5  29
20140619  326627  53  S2  26
20140619  326627  59  S9  20
20140619  326627  60  S8  19
20140619  326628  13  N5  36
20140619  326628  14  N4  35
20140619  326628  16  N2  33
20140619  326628  19 N12  43
20140619  326628  20 N11  42
20140619  326628  50  S5  29
20140619  326628  53  S2  26
20140619  326628  59  S9  20
20140619  326628  60  S8  19
20140619  326629  53  S2  26
20140619  326629  59  S9  20
20140619  326629  60  S8  19
20140619  326630  53  S2  26
20140619  326630  59  S9  20
20140619  326630  60  S8  19
20140619  326631  53  S2  26
20140619  326632  53  S2  26
20140619  326633  53  S2  26
20140619  326633  59  S9  20
20140619  326633  60  S8  19
20140619  326634  53  S2  26
20140619  326634  59  S9  20
20140619  326634  60  S8  19
20140619  326635  53  S2  26
20140619  326635  59  S9  20
20140619  326635  60  S8  19
20140619  326635  42 N31  62
20140619  326636  53  S2  26
20140619  326636  59  S9  20
20140619  326636  60  S8  19
20140619  326636  42 N31  62
20140619  326637  53  S2  26
20140619  326637  59  S9  20
20140619  326637  60  S8  19
20140619  326637  42 N31  62
20140619  326638  53  S2  26
20140619  326638  59  S9  20
20140619  326638  60  S8  19
20140619  326739  42 N31  62
20140619  326740  42 N31  62
20140619  326753  73 S28   7
20140619  326753  74 S27   6
20140619  326753  79 S31   3
20140619  326758  73 S28   7
20140619  326758  74 S27   6
20140619  326758  79 S31   3
20140619  326758  80 S30   2
20140619  326759  73 S28   7
20140619  326759  74 S27   6
20140619  326759  79 S31   3
20140619  326759  80 S30   2
20140619  326760  68 S23  11
20140619  326760  73 S28   7
20140619  326760  74 S27   6
20140619  326760  79 S31   3
20140619  326760  80 S30   2
20140619  326761  68 S23  11
20140619  326761  73 S28   7
20140619  326761  74 S27   6
20140619  326761  79 S31   3
20140619  326762  73 S28   7
20140619  326762  74 S27   6
20140619  326762  79 S31   3
20140619  326763  74 S27   6
20140619  326763  79 S31   3
20140619  326763  80 S30   2
20140619  326764  74 S27   6
20140619  326764  79 S31   3
20140619  326764  80 S30   2
20140619  326765  73 S28   7
20140619  326765  74 S27   6
20140619  326765  79 S31   3
20140619  326766  73 S28   7
20140619  326766  74 S27   6
20140619  326766  79 S31   3
20140619  326767  73 S28   7
20140619  326767  74 S27   6
20140619  326767  79 S31   3
20140619  326768  73 S28   7
20140619  326768  74 S27   6
20140619  326768  79 S31   3
20140619  326769  73 S28   7
20140619  326769  74 S27   6
20140619  326769  79 S31   3
20140619  326770  73 S28   7
20140619  326770  74 S27   6
20140619  326770  79 S31   3
20140619  326771  73 S28   7
20140619  326771  74 S27   6
20140619  326771  79 S31   3
20140619  326772  73 S28   7
20140619  326772  74 S27   6
20140619  326772  79 S31   3
20140619  326773  73 S28   7
20140619  326773  74 S27   6
20140619  326773  79 S31   3
20140619  326880  80 S30   2
20140619  326881  80 S30   2
20140620  327396  17  N1  32
20140620  327396  23  N8  39
20140620  327401  17  N1  32
20140620  327401  23  N8  39
20140620  327402  17  N1  32
20140620  327405  17  N1  32
20140620  327405  23  N8  39
20140620  327406  17  N1  32
20140620  327409  17  N1  32
20140620  327409  23  N8  39
20140620  327410  17  N1  32
20140620  327410  23  N8  39
20140620  327411  17  N1  32
20140620  327412  17  N1  32
20140620  327413  17  N1  32
20140620  327413  23  N8  39
20140620  327414  17  N1  32
20140620  327414  23  N8  39
20140620  327573  14  N4  35
20140620  327573  21 N10  41
20140620  327582  14  N4  35
20140620  327582  21 N10  41
20140620  327583  14  N4  35
20140620  327583  15  N3  34
20140620  327583  21 N10  41
20140620  327584  21 N10  41
20140620  327585  21 N10  41
20140620  327586  14  N4  35
20140620  327586  21 N10  41
20140620  327587  14  N4  35
20140620  327587  21 N10  41
20140620  327588  14  N4  35
20140620  327588  21 N10  41
20140620  327590  14  N4  35
20140620  327590  21 N10  41
20140620  327591  14  N4  35
20140620  327591  21 N10  41
20140621  327987  71 S20   8
20140621  327987  75 S26   5
20140621  327987  76 S25   4
20140621  327988  30 N24  55
20140621  327988  36 N28  59
20140621  327988  71 S20   8
20140621  327988  75 S26   5
20140621  327988  76 S25   4
20140621  327989  36 N28  59
20140621  327989  76 S25   4
20140621  327989  81 S29   1
20140621  327990  76 S25   4
20140621  327990  81 S29   1
20140622  328544  15  N3  34
20140622  328577  12  N6  37
20140622  328577  14  N4  35
20140622  328577  15  N3  34
20140622  328577  16  N2  33
20140622  328577  17  N1  32
20140622  328577  21 N10  41
20140622  328577  22  N9  40
20140622  328577  23  N8  39
20140622  328577  28 N15  46
20140622  328577  29 N14  45
20140622  328577  49  S6  30
20140622  328577  50  S5  29
20140622  328577  52  S3  27
20140622  328577  53  S2  26
20140622  328577  54  S1  25
20140622  328577  55 S13  24
20140622  328577  56 S12  23
20140622  328577  59  S9  20
20140622  328577  60  S8  19
20140622  328580  36 N28  59
20140622  328621  15  N3  34
20140622  328665  64 S16  15
20140622  328665  69 S22  10
20140622  328665  70 S21   9
20140622  328665  75 S26   5
20140622  328665  80 S30   2
20140622  328666  69 S22  10
20140622  328666  70 S21   9
20140622  328666  75 S26   5
20140622  328666  80 S30   2
20140622  328719  66 S14  13
20140622  328719  71 S20   8
20140622  328720  66 S14  13
20140622  328720  71 S20   8
20140622  328721  66 S14  13
20140622  328721  71 S20   8
20140622  328722  66 S14  13
20140622  328722  71 S20   8
20140622  328723  66 S14  13
20140622  328723  71 S20   8
20140622  328724  66 S14  13
20140622  328724  71 S20   8
20140626  331054  15  N3  34
20140626  331235  20 N11  42
20140626  331235  26 N17  48
20140627  331554  17  N1  32
20140627  331554  23  N8  39
20140627  331664  17  N1  32
20140627  331664  23  N8  39
20140627  331716  18 N13  44
20140627  331716  24 N19  50
20140628  332086  18 N13  44
20140628  332086  24 N19  50
20140628  332145  18 N13  44
20140628  332145  24 N19  50
20140629  332447  17  N1  32
20140629  332447  23  N8  39
20140702  334320  80 S30   2
20140702  334321  80 S30   2
20140702  334322  80 S30   2
20140702  334323  80 S30   2
20140702  334324  80 S30   2
20140702  334325  80 S30   2
20140702  334325  81 S29   1
20140702  334326  80 S30   2
20140702  334326  81 S29   1
20140702  334327  80 S30   2
20140702  334327  81 S29   1
20140702  334328  80 S30   2
20140702  334328  81 S29   1
20140702  334329  80 S30   2
20140702  334329  81 S29   1
20140702  334330  80 S30   2
20140702  334330  81 S29   1
20140702  334331  80 S30   2
20140702  334331  81 S29   1
20140702  334332  80 S30   2
20140702  334332  81 S29   1
20140702  334333  80 S30   2
20140702  334333  81 S29   1
20140702  334334  80 S30   2
20140702  334334  81 S29   1
20140702  334335  80 S30   2
20140702  334335  81 S29   1
20140702  334336  80 S30   2
20140702  334336  81 S29   1
20140702  334337  80 S30   2
20140702  334337  81 S29   1
20140702  334338  80 S30   2
20140702  334338  81 S29   1
20140702  334339  80 S30   2
20140702  334339  81 S29   1
20140702  334340  80 S30   2
20140702  334340  81 S29   1
20140702  334341  80 S30   2
20140702  334341  81 S29   1
20140702  334342  80 S30   2
20140702  334342  81 S29   1
20140702  334343  80 S30   2
20140702  334343  81 S29   1
20140702  334344  80 S30   2
20140702  334344  81 S29   1
20140702  334345  80 S30   2
20140702  334345  81 S29   1
20140702  334346  80 S30   2
20140702  334346  81 S29   1
20140702  334347  80 S30   2
20140702  334347  81 S29   1
20140702  334348  80 S30   2
20140702  334348  81 S29   1
20140702  334349  80 S30   2
20140702  334349  81 S29   1
20140702  334350  80 S30   2
20140702  334350  81 S29   1
20140702  334351  80 S30   2
20140702  334351  81 S29   1
20140702  334352  80 S30   2
20140702  334352  81 S29   1
20140702  334353  80 S30   2
20140702  334353  81 S29   1
20140702  334354  80 S30   2
20140702  334354  81 S29   1
20140702  334360  75 S26   5
20140702  334360  80 S30   2
20140702  334360  81 S29   1
20140702  334361  75 S26   5
20140702  334361  80 S30   2
20140702  334361  81 S29   1
20140702  334362  75 S26   5
20140702  334362  80 S30   2
20140702  334362  81 S29   1
20140702  334363  75 S26   5
20140702  334363  80 S30   2
20140702  334363  81 S29   1
20140702  334364  75 S26   5
20140702  334364  80 S30   2
20140702  334364  81 S29   1
20140702  334365  75 S26   5
20140702  334365  80 S30   2
20140702  334365  81 S29   1
20140702  334366  75 S26   5
20140702  334366  80 S30   2
20140702  334366  81 S29   1
20140702  334367  75 S26   5
20140702  334367  80 S30   2
20140702  334367  81 S29   1
20140702  334368  75 S26   5
20140702  334368  80 S30   2
20140702  334368  81 S29   1
20140702  334369  75 S26   5
20140702  334369  80 S30   2
20140702  334369  81 S29   1
20140706  335370  13  N5  36
20140706  335370  14  N4  35
20140706  335370  20 N11  42
20140706  335370  50  S5  29
20140706  335370  51  S4  28
20140706  335371  13  N5  36
20140706  335371  14  N4  35
20140706  335371  20 N11  42
20140706  335371  50  S5  29
20140706  335371  51  S4  28
20140706  335372  13  N5  36
20140706  335372  14  N4  35
20140706  335372  20 N11  42
20140706  335372  50  S5  29
20140706  335372  51  S4  28
20140706  335385  28 N15  46
20140706  335385  34 N20  51
20140706  335385  39 N25  56
20140706  335386  28 N15  46
20140706  335386  34 N20  51
20140706  335386  39 N25  56
20140706  335387  28 N15  46
20140706  335387  34 N20  51
20140706  335388  34 N20  51
20140706  335388  39 N25  56
20140706  335388  61 S19  18
20140706  335388  62 S18  17
20140706  335388  67 S24  12
20140706  335388  68 S23  11
20140706  335389  34 N20  51
20140706  335389  39 N25  56
20140706  335389  61 S19  18
20140706  335389  62 S18  17
20140706  335389  67 S24  12
20140706  335389  68 S23  11
20140706  335390  28 N15  46
20140706  335390  34 N20  51
20140706  335391  28 N15  46
20140706  335391  34 N20  51
20140706  335392  34 N20  51
20140706  335393  34 N20  51
20140713  336417  66 S14  13
20140713  336417  71 S20   8
20140713  336418  66 S14  13
20140713  336418  71 S20   8
20140713  336419  66 S14  13
20140713  336419  71 S20   8
20140716  337852  80 S30   2
20140716  337852  81 S29   1
20140716  337853  80 S30   2
20140716  337853  81 S29   1
20140716  337870  13  N5  36
20140716  337870  14  N4  35
20140716  337932  66 S14  13
20140716  337932  71 S20   8
20140716  337933  66 S14  13
20140716  337933  71 S20   8
20140716  337934  66 S14  13
20140716  337934  71 S20   8
20140716  337935  66 S14  13
20140716  337935  71 S20   8
20140716  337936  66 S14  13
20140716  337936  71 S20   8
20140716  337937  66 S14  13
20140716  337937  71 S20   8
20140716  337938  66 S14  13
20140716  337938  71 S20   8
20140717  338383  44 N29  60
20140717  338384  44 N29  60
20140717  338385  44 N29  60
20140717  338386  44 N29  60
20140717  338447  14  N4  35
20140717  338447  51  S4  28
20140717  338448  14  N4  35
20140717  338448  51  S4  28
20140717  338449  14  N4  35
20140717  338449  20 N11  42
20140717  338449  21 N10  41
20140717  338449  51  S4  28
20140717  338450  14  N4  35
20140717  338451  14  N4  35
20140717  338452  14  N4  35
20140718  338780  48  S7  31
20140718  338780  55 S13  24
20140718  338781  48  S7  31
20140718  338781  55 S13  24
20140718  338782  48  S7  31
20140718  338782  55 S13  24
20140718  338976  22  N9  40
20140718  338976  28 N15  46
20140718  338976  33 N21  52
20140718  338976  34 N20  51
20140718  338976  50  S5  29
20140718  338976  51  S4  28
20140718  338976  56 S12  23
20140718  338976  57 S11  22
20140718  338976  62 S18  17
20140718  338976  63 S17  16
20140718  338977  28 N15  46
20140718  338977  29 N14  45
20140718  338977  33 N21  52
20140718  338977  34 N20  51
20140718  338977  50  S5  29
20140718  338977  51  S4  28
20140718  338977  56 S12  23
20140718  338977  57 S11  22
20140718  338977  62 S18  17
20140718  338977  63 S17  16
20140718  338978  28 N15  46
20140718  338978  29 N14  45
20140718  338978  33 N21  52
20140718  338978  34 N20  51
20140718  338978  50  S5  29
20140718  338978  56 S12  23
20140718  338978  57 S11  22
20140718  338978  62 S18  17
20140718  338978  63 S17  16
20140718  338979  21 N10  41
20140718  338979  22  N9  40
20140718  338979  27 N16  47
20140718  338979  28 N15  46
20140718  338979  29 N14  45
20140718  338979  33 N21  52
20140718  338979  34 N20  51
20140718  338980  21 N10  41
20140718  338980  22  N9  40
20140718  338980  27 N16  47
20140718  338980  28 N15  46
20140718  338980  29 N14  45
20140718  338980  33 N21  52
20140718  338980  34 N20  51
20140718  338981  21 N10  41
20140718  338981  22  N9  40
20140718  338981  27 N16  47
20140718  338981  28 N15  46
20140718  338981  29 N14  45
20140718  338981  33 N21  52
20140718  338981  34 N20  51
20140719  339442  12  N6  37
20140719  339442  49  S6  30
20140719  339444  12  N6  37
20140719  339444  49  S6  30
20140719  339550  44 N29  60
20140719  339552  44 N29  60
20140719  339553  44 N29  60
20140810  346605  42 N31  62
20140810  346613  70 S21   9
20140811  347100  13  N5  36
20140811  347100  19 N12  43
20140811  347100  20 N11  42
20140811  347155  14  N4  35
20140811  347155  51  S4  28
20140812  347320  64 S16  15
20140812  347320  65 S15  14
20140812  347320  70 S21   9
20140812  347320  75 S26   5
20140812  347321  64 S16  15
20140812  347321  65 S15  14
20140812  347321  70 S21   9
20140812  347321  75 S26   5
20140812  347322  37 N27  58
20140812  347322  42 N31  62
20140812  347322  43 N30  61
20140813  347637  33 N21  52
20140813  347637  34 N20  51
20140813  347637  39 N25  56
20140813  347708  50  S5  29
20140813  347708  56 S12  23
20140813  347708  57 S11  22
20140813  347708  62 S18  17
20140813  347708  63 S17  16
20140814  347930  20 N11  42
20140814  347930  26 N17  48
20140814  348024  12  N6  37
20140814  348024  15  N3  34
20140814  348024  16  N2  33
20140814  348024  18 N13  44
20140814  348024  19 N12  43
20140814  348024  20 N11  42
20140814  348024  21 N10  41
20140814  348024  22  N9  40
20140814  348024  24 N19  50
20140814  348024  25 N18  49
20140814  348024  26 N17  48
20140814  348024  27 N16  47
20140814  348024  28 N15  46
20140814  348024  30 N24  55
20140814  348024  31 N23  54
20140814  348024  32 N22  53
20140814  348024  33 N21  52
20140814  348024  49  S6  30
20140814  348024  50  S5  29
20140814  348024  52  S3  27
20140814  348024  53  S2  26
20140814  348024  55 S13  24
20140814  348024  56 S12  23
20140814  348024  57 S11  22
20140814  348024  58 S10  21
20140814  348024  59  S9  20
20140814  348024  62 S18  17
20140814  348024  63 S17  16
20140814  348024  64 S16  15
20140814  348024  65 S15  14
20140814  348024  68 S23  11
20140814  348024  69 S22  10
20140814  348026  12  N6  37
20140814  348026  13  N5  36
20140814  348026  15  N3  34
20140814  348026  16  N2  33
20140814  348026  17  N1  32
20140814  348026  19 N12  43
20140814  348026  20 N11  42
20140814  348026  21 N10  41
20140814  348026  22  N9  40
20140814  348026  23  N8  39
20140814  348026  25 N18  49
20140814  348026  26 N17  48
20140814  348026  27 N16  47
20140814  348026  28 N15  46
20140814  348026  31 N23  54
20140814  348026  32 N22  53
20140814  348026  33 N21  52
20140814  348026  49  S6  30
20140814  348026  50  S5  29
20140814  348026  52  S3  27
20140814  348026  53  S2  26
20140814  348026  55 S13  24
20140814  348026  56 S12  23
20140814  348026  57 S11  22
20140814  348026  58 S10  21
20140814  348026  59  S9  20
20140814  348026  60  S8  19
20140814  348026  62 S18  17
20140814  348026  63 S17  16
20140814  348026  64 S16  15
20140814  348026  65 S15  14
20140814  348026  68 S23  11
20140814  348026  69 S22  10
20140814  348026  70 S21   9
20140814  348070  31 N23  54
20140814  348070  32 N22  53
20140814  348070  37 N27  58
20140814  348070  69 S22  10
20140814  348070  70 S21   9
20140814  348070  75 S26   5
20140814  348070  80 S30   2
20140814  348081  12  N6  37
20140814  348081  13  N5  36
20140814  348081  15  N3  34
20140814  348081  16  N2  33
20140814  348081  19 N12  43
20140814  348081  20 N11  42
20140814  348081  21 N10  41
20140814  348081  22  N9  40
20140814  348081  25 N18  49
20140814  348081  26 N17  48
20140814  348081  27 N16  47
20140814  348081  28 N15  46
20140814  348081  30 N24  55
20140814  348081  31 N23  54
20140814  348081  32 N22  53
20140814  348081  49  S6  30
20140814  348081  50  S5  29
20140814  348081  52  S3  27
20140814  348081  53  S2  26
20140814  348081  56 S12  23
20140814  348081  57 S11  22
20140814  348081  58 S10  21
20140814  348081  59  S9  20
20140814  348081  60  S8  19
20140814  348081  62 S18  17
20140814  348081  63 S17  16
20140814  348081  64 S16  15
20140814  348081  65 S15  14
20140814  348081  68 S23  11
20140814  348081  69 S22  10
20140814  348081  70 S21   9
20140814  348081  71 S20   8
20140814  348081  75 S26   5
20140814  348081  76 S25   4
20140814  348081  81 S29   1
20140814  348082  12  N6  37
20140814  348082  13  N5  36
20140814  348082  15  N3  34
20140814  348082  16  N2  33
20140814  348082  19 N12  43
20140814  348082  20 N11  42
20140814  348082  21 N10  41
20140814  348082  22  N9  40
20140814  348082  25 N18  49
20140814  348082  26 N17  48
20140814  348082  27 N16  47
20140814  348082  28 N15  46
20140814  348082  30 N24  55
20140814  348082  31 N23  54
20140814  348082  32 N22  53
20140814  348082  49  S6  30
20140814  348082  50  S5  29
20140814  348082  52  S3  27
20140814  348082  53  S2  26
20140814  348082  56 S12  23
20140814  348082  57 S11  22
20140814  348082  58 S10  21
20140814  348082  59  S9  20
20140814  348082  60  S8  19
20140814  348082  62 S18  17
20140814  348082  63 S17  16
20140814  348082  64 S16  15
20140814  348082  65 S15  14
20140814  348082  68 S23  11
20140814  348082  69 S22  10
20140814  348082  70 S21   9
20140814  348082  71 S20   8
20140814  348082  75 S26   5
20140814  348082  76 S25   4
20140814  348082  81 S29   1
20140814  348085  12  N6  37
20140814  348085  13  N5  36
20140814  348085  15  N3  34
20140814  348085  16  N2  33
20140814  348085  18 N13  44
20140814  348085  19 N12  43
20140814  348085  20 N11  42
20140814  348085  21 N10  41
20140814  348085  22  N9  40
20140814  348085  25 N18  49
20140814  348085  26 N17  48
20140814  348085  27 N16  47
20140814  348085  28 N15  46
20140814  348085  30 N24  55
20140814  348085  31 N23  54
20140814  348085  32 N22  53
20140814  348085  33 N21  52
20140814  348085  36 N28  59
20140814  348085  37 N27  58
20140814  348085  38 N26  57
20140814  348085  42 N31  62
20140814  348085  49  S6  30
20140814  348085  50  S5  29
20140814  348085  52  S3  27
20140814  348085  53  S2  26
20140814  348085  56 S12  23
20140814  348085  57 S11  22
20140814  348085  58 S10  21
20140814  348085  59  S9  20
20140814  348085  62 S18  17
20140814  348085  63 S17  16
20140814  348085  64 S16  15
20140814  348085  65 S15  14
20140814  348085  69 S22  10
20140814  348085  70 S21   9
20140815  348336  55 S13  24
20140815  348336  56 S12  23
20140815  348336  61 S19  18
20140815  348337  37 N27  58
20140815  348337  43 N30  61
20140815  348357  55 S13  24
20140815  348357  61 S19  18
20140816  348739  50  S5  29
20140816  348739  56 S12  23
20140816  348739  57 S11  22
20140816  348739  62 S18  17
20140816  348739  63 S17  16
20140816  348740  50  S5  29
20140816  348740  56 S12  23
20140816  348740  57 S11  22
20140816  348740  62 S18  17
20140816  348740  63 S17  16
20140816  348782  55 S13  24
20140816  348782  61 S19  18
20140817  349148  24 N19  50
20140817  349199  24 N19  50
20140817  349256  55 S13  24
20140817  349256  56 S12  23
20140817  349256  61 S19  18
20140817  349256  62 S18  17
20140817  349258  43 N30  61
20140817  349258  44 N29  60
20140817  349264  55 S13  24
20140817  349264  56 S12  23
20140817  349264  61 S19  18
20140817  349264  62 S18  17
20140818  349604  42 N31  62
20140818  349632  24 N19  50
20140818  349661  60  S8  19
20140818  349661  66 S14  13
20140818  349678  59  S9  20
20140818  349678  60  S8  19
20140818  349678  65 S15  14
20140818  349678  66 S14  13
20140824  351538  25 N18  49
20140824  351538  30 N24  55
20140824  351539  25 N18  49
20140824  351539  30 N24  55
20140824  351540  25 N18  49
20140824  351540  30 N24  55
20140824  351541  25 N18  49
20140824  351541  30 N24  55
20140824  351542  25 N18  49
20140824  351542  30 N24  55
20141024  371184  30 N24  55
20141024  371185  30 N24  55
20141024  371186  30 N24  55
20141024  371186  36 N28  59
20141024  371189  30 N24  55
20141024  371190  30 N24  55
20141024  371191  30 N24  55
20141024  371191  36 N28  59
20141206  384634  33 N21  52
20141206  384634  39 N25  56
20141206  384641  38 N26  57
20141206  384641  39 N25  56
20141206  384645  70 S21   9
20141206  384645  75 S26   5
20141207  384945  55 S13  24
20141207  384946  55 S13  24
20141207  384947  48  S7  31
20141207  384947  49  S6  30
20141207  384947  55 S13  24
20141207  384948  48  S7  31
20141207  384948  49  S6  30
20141207  384948  55 S13  24
20141207  385002  23  N8  39
20141207  385002  29 N14  45
20141207  385002  55 S13  24
20141207  385002  61 S19  18
20141207  385003  29 N14  45
20141207  385003  55 S13  24
20141207  385003  61 S19  18
20141207  385003  67 S24  12
20141207  385004  29 N14  45
20141207  385004  55 S13  24
20141207  385004  61 S19  18
20141207  385005  29 N14  45
20141207  385005  55 S13  24
20141207  385005  61 S19  18
20141207  385005  67 S24  12
20141207  385143  19 N12  43
20141207  385143  20 N11  42
20141207  385143  25 N18  49
20141207  385143  26 N17  48
20141207  385143  16  N2  33
20141207  385143  22  N9  40
20141207  385143  23  N8  39
20141207  385143  28 N15  46
20141207  385143  29 N14  45
20141207  385143  55 S13  24
20141207  385143  61 S19  18
20141207  385144  19 N12  43
20141207  385144  20 N11  42
20141207  385144  25 N18  49
20141207  385144  26 N17  48
20141207  385144  16  N2  33
20141207  385144  22  N9  40
20141207  385144  23  N8  39
20141207  385144  28 N15  46
20141207  385144  55 S13  24
20141207  385144  61 S19  18
20141207  385144  67 S24  12
20141207  385145  19 N12  43
20141207  385145  20 N11  42
20141207  385145  25 N18  49
20141207  385145  26 N17  48
20141207  385145  16  N2  33
20141207  385145  22  N9  40
20141207  385145  23  N8  39
20141207  385145  28 N15  46
20141207  385145  55 S13  24
20141207  385145  61 S19  18
20141207  385146  19 N12  43
20141207  385146  20 N11  42
20141207  385146  25 N18  49
20141207  385146  26 N17  48
20141207  385146  16  N2  33
20141207  385146  22  N9  40
20141207  385146  23  N8  39
20141207  385146  28 N15  46
20141207  385146  29 N14  45
20141207  385146  55 S13  24
20141207  385146  61 S19  18
20141207  385147  75 S26   5
20141207  385147  80 S30   2
20141207  385147  55 S13  24
20141207  385147  56 S12  23
20141207  385147  61 S19  18
20141207  385148  75 S26   5
20141207  385148  80 S30   2
20141207  385148  55 S13  24
20141207  385148  56 S12  23
20141207  385148  61 S19  18
20141207  385148  67 S24  12
20141207  385149  75 S26   5
20141207  385149  80 S30   2
20141207  385149  55 S13  24
20141207  385149  56 S12  23
20141207  385149  61 S19  18
20141207  385150  75 S26   5
20141207  385150  80 S30   2
20141207  385150  55 S13  24
20141207  385150  56 S12  23
20141207  385150  61 S19  18
20141207  385151  55 S13  24
20141207  385151  61 S19  18
20141207  385152  55 S13  24
20141207  385152  61 S19  18
20141207  385153  55 S13  24
20141207  385153  61 S19  18
20141207  385154  55 S13  24
20141207  385154  61 S19  18
20141207  385190  23  N8  39
20141207  385190  29 N14  45
20141207  385190  38 N26  57
20141207  385190  43 N30  61
20141207  385191  23  N8  39
20141207  385191  29 N14  45
20141207  385191  38 N26  57
20141207  385191  43 N30  61
20141207  385192  23  N8  39
20141207  385192  29 N14  45
20141207  385192  43 N30  61
20141207  385193  23  N8  39
20141207  385193  29 N14  45
20141207  385193  43 N30  61
20141208  385650  42 N31  62
20141208  385650  43 N30  61
20141208  385651  42 N31  62
20141208  385651  43 N30  61
20141208  385652  42 N31  62
20141208  385652  43 N30  61
20141208  385653  42 N31  62
20141208  385653  43 N30  61
20141227  392365  18 N13  44
20141227  392368  11  N7  38
20141227  392368  18 N13  44
20141227  392371  55 S13  24
20141227  392371  56 S12  23
20141227  392371  61 S19  18
20141227  392371  62 S18  17
20141227  392376  33 N21  52
20141227  392376  34 N20  51
20141227  392376  39 N25  56
20141227  392376  67 S24  12
20141227  392376  73 S28   7
20141227  392376  79 S31   3
20141227  392377  26 N17  48
20141227  392377  27 N16  47
20141227  392377  30 N24  55
20141227  392377  31 N23  54
20141227  392377  32 N22  53
20141227  392377  36 N28  59
20141227  392377  37 N27  58
20141227  392377  38 N26  57
20141227  392377  42 N31  62
20141227  392377  43 N30  61
20141227  392377  44 N29  60
20141227  392377  69 S22  10
20141227  392377  70 S21   9
20141227  392377  75 S26   5
20141227  392377  80 S30   2
20141227  392380  26 N17  48
20141227  392380  27 N16  47
20141227  392380  31 N23  54
20141227  392380  32 N22  53
20141227  392380  69 S22  10
20141227  392380  70 S21   9
20141227  392380  75 S26   5
20141227  392380  80 S30   2
20141227  392381  33 N21  52
20141227  392381  34 N20  51
20141227  392381  39 N25  56
20141229  393166  18 N13  44
20141229  393172  12  N6  37
20141229  393172  13  N5  36
20141229  393172  15  N3  34
20141229  393172  16  N2  33
20141229  393172  19 N12  43
20141229  393172  20 N11  42
20141229  393172  21 N10  41
20141229  393172  22  N9  40
20141229  393172  23  N8  39
20141229  393172  25 N18  49
20141229  393172  26 N17  48
20141229  393172  27 N16  47
20141229  393172  28 N15  46
20141229  393172  31 N23  54
20141229  393172  32 N22  53
20141229  393172  33 N21  52
20141229  393172  34 N20  51
20141229  393172  37 N27  58
20141229  393172  38 N26  57
20141229  393172  39 N25  56
20141229  393172  49  S6  30
20141229  393172  50  S5  29
20141229  393172  52  S3  27
20141229  393172  53  S2  26
20141229  393172  56 S12  23
20141229  393172  57 S11  22
20141229  393172  58 S10  21
20141229  393172  59  S9  20
20141229  393172  62 S18  17
20141229  393172  63 S17  16
20141229  393172  64 S16  15
20141229  393172  65 S15  14
20141229  393172  69 S22  10
20141229  393172  70 S21   9
20141229  393173  12  N6  37
20141229  393173  13  N5  36
20141229  393173  14  N4  35
20141229  393173  15  N3  34
20141229  393173  16  N2  33
20141229  393173  19 N12  43
20141229  393173  20 N11  42
20141229  393173  21 N10  41
20141229  393173  22  N9  40
20141229  393173  25 N18  49
20141229  393173  26 N17  48
20141229  393173  27 N16  47
20141229  393173  28 N15  46
20141229  393173  31 N23  54
20141229  393173  32 N22  53
20141229  393173  49  S6  30
20141229  393173  50  S5  29
20141229  393173  52  S3  27
20141229  393173  53  S2  26
20141229  393173  56 S12  23
20141229  393173  57 S11  22
20141229  393173  58 S10  21
20141229  393173  59  S9  20
20141229  393173  60  S8  19
20141229  393173  62 S18  17
20141229  393173  63 S17  16
20141229  393173  64 S16  15
20141229  393173  65 S15  14
20141229  393173  68 S23  11
20141229  393173  69 S22  10
20141229  393173  70 S21   9
20141229  393173  74 S27   6
20141229  393173  75 S26   5
20141229  393173  80 S30   2
20150103  394326  52  S3  27
20150103  394327  52  S3  27
20150109  396431  65 S15  14
20150109  396431  70 S21   9
20150109  396431  71 S20   8
20150110  396791  20 N11  42
20150110  396791  21 N10  41
20150110  396791  26 N17  48
20150110  396791  27 N16  47
20150110  396792  20 N11  42
20150110  396792  21 N10  41
20150110  396792  26 N17  48
20150110  396792  27 N16  47
20150110  396793  20 N11  42
20150110  396793  21 N10  41
20150110  396793  26 N17  48
20150110  396793  27 N16  47
20150110  396794  20 N11  42
20150110  396794  21 N10  41
20150110  396794  26 N17  48
20150110  396794  27 N16  47
20150110  396795  14  N4  35
20150110  396795  20 N11  42
20150110  396795  21 N10  41
20150110  396795  26 N17  48
20150110  396795  27 N16  47
20150110  396796  14  N4  35
20150110  396796  20 N11  42
20150110  396796  21 N10  41
20150110  396796  26 N17  48
20150110  396796  27 N16  47
20150110  396797  20 N11  42
20150110  396797  21 N10  41
20150110  396797  26 N17  48
20150110  396797  27 N16  47
20150110  396798  20 N11  42
20150110  396798  21 N10  41
20150110  396798  26 N17  48
20150110  396798  27 N16  47
20150110  396799  14  N4  35
20150110  396799  20 N11  42
20150110  396799  21 N10  41
20150110  396799  26 N17  48
20150110  396799  27 N16  47
20150110  396800  14  N4  35
20150110  396800  20 N11  42
20150110  396800  21 N10  41
20150110  396800  27 N16  47
20150110  396801  20 N11  42
20150110  396801  21 N10  41
20150110  396801  27 N16  47
20150110  396802  20 N11  42
20150110  396802  21 N10  41
20150110  396802  26 N17  48
20150110  396802  27 N16  47
20150110  396803  20 N11  42
20150110  396803  21 N10  41
20150110  396803  26 N17  48
20150110  396803  27 N16  47
20150110  396804  20 N11  42
20150110  396804  21 N10  41
20150110  396804  26 N17  48
20150110  396804  27 N16  47
20150110  396805  20 N11  42
20150110  396805  21 N10  41
20150110  396805  26 N17  48
20150110  396805  27 N16  47
20150110  396806  20 N11  42
20150110  396806  21 N10  41
20150110  396806  26 N17  48
20150110  396806  27 N16  47
20150201  405595  68 S23  11
20150201  405595  73 S28   7
20150201  405595  79 S31   3
20150201  405610  56 S12  23
20150201  405610  57 S11  22
20150203  406316  31 N23  54
20150203  406316  32 N22  53
20150203  406316  36 N28  59
20150203  406316  37 N27  58
20150203  406316  42 N31  62
20150203  406316  43 N30  61
20150203  406317  31 N23  54
20150203  406317  32 N22  53
20150203  406317  37 N27  58
20150203  406401  51  S4  28
20150203  406401  57 S11  22
20150203  406401  58 S10  21
20150203  406402  51  S4  28
20150203  406402  57 S11  22
20150203  406402  58 S10  21
20150203  406402  64 S16  15
20150205  407122  21 N10  41
20150205  407122  22  N9  40
20150206  407347  73 S28   7
20150206  407348  73 S28   7
20150206  407388  42 N31  62
20150206  407480  30 N24  55
20150206  407480  31 N23  54
20150206  407481  31 N23  54
20150215  410603  38 N26  57
20150215  410603  39 N25  56
20150215  410603  44 N29  60
20150215  410603  79 S31   3
20150215  410604  33 N21  52
20150215  410604  39 N25  56
20150215  410604  44 N29  60
20150215  410604  79 S31   3
20150224  414020  54  S1  25
20150224  414021  54  S1  25
20150224  414022  54  S1  25
20150224  414023  54  S1  25
20150224  414036  50  S5  29
20150224  414037  49  S6  30
20150224  414037  50  S5  29
20150224  414037  56 S12  23
20150224  414038  12  N6  37
20150224  414038  13  N5  36
20150224  414038  49  S6  30
20150224  414038  50  S5  29
20150224  414038  56 S12  23
20150224  414039  12  N6  37
20150224  414039  13  N5  36
20150224  414039  49  S6  30
20150224  414039  50  S5  29
20150224  414039  56 S12  23
20150225  414542  20 N11  42
20150225  414543  20 N11  42
20150225  414544  20 N11  42
20150225  414545  20 N11  42
20150225  414894  62 S18  17
20150225  414894  67 S24  12
20150225  414895  62 S18  17
20150225  414895  67 S24  12
20150225  414896  62 S18  17
20150225  414896  67 S24  12
20150225  414896  68 S23  11
20150225  414897  62 S18  17
20150225  414897  67 S24  12
20150225  414897  68 S23  11
20150227  416018  48  S7  31
20150227  416018  55 S13  24
20150227  416019  48  S7  31
20150227  416019  55 S13  24
20150227  416020  55 S13  24
20150227  416021  48  S7  31
20150227  416021  55 S13  24
20150227  416022  48  S7  31
20150227  416022  49  S6  30
20150227  416022  55 S13  24
20150302  417565  71 S20   8
20150302  417565  76 S25   4
20150302  417566  71 S20   8
20150302  417566  76 S25   4
20150302  417566  81 S29   1
20150302  417571  80 S30   2
20150302  417572  80 S30   2
20150303  417814  59  S9  20
20150303  417814  60  S8  19
20150303  417814  65 S15  14
20150303  417814  66 S14  13
20150303  417814  71 S20   8
20150303  417815  59  S9  20
20150303  417815  60  S8  19
20150303  417815  65 S15  14
20150303  417815  66 S14  13
20150303  417815  71 S20   8
20150303  417934  17  N1  32
20150303  417934  23  N8  39
20150303  417935  17  N1  32
20150303  417935  23  N8  39
20150309  420327  25 N18  49
20150309  420327  26 N17  48
20150309  420327  31 N23  54
20150309  420327  70 S21   9
20150309  420327  71 S20   8
20150309  420327  75 S26   5
20150309  420327  76 S25   4
20150309  420327  80 S30   2
20150309  420327  81 S29   1
20150309  420328  75 S26   5
20150309  420328  80 S30   2
20150309  420328  81 S29   1
20150309  420329  75 S26   5
20150309  420329  76 S25   4
20150309  420329  81 S29   1
20150309  420330  25 N18  49
20150309  420330  26 N17  48
20150309  420330  31 N23  54
20150309  420330  70 S21   9
20150309  420330  71 S20   8
20150309  420330  75 S26   5
20150309  420330  76 S25   4
20150309  420330  80 S30   2
20150309  420330  81 S29   1
20150309  420335  27 N16  47
20150309  420335  28 N15  46
20150309  420335  32 N22  53
20150309  420335  33 N21  52
20150309  420335  68 S23  11
20150309  420335  73 S28   7
20150309  420335  74 S27   6
20150309  420335  79 S31   3
20150309  420338  21 N10  41
20150309  420338  27 N16  47
20150309  420338  28 N15  46
20150309  420338  32 N22  53
20150309  420338  33 N21  52
20150309  420338  68 S23  11
20150309  420338  73 S28   7
20150309  420338  74 S27   6
20150309  420338  79 S31   3
20150322  424318  51  S4  28
20150322  424319  51  S4  28
20150322  424320  51  S4  28
20150322  424320  52  S3  27
20150322  424321  51  S4  28
20150322  424321  52  S3  27
20150322  424328  51  S4  28
20150322  424329  51  S4  28
20150322  424330  51  S4  28
20150322  424330  52  S3  27
20150322  424331  51  S4  28
20150322  424331  52  S3  27
20150326  425137  20 N11  42
20150326  425137  26 N17  48
20150327  425369  25 N18  49
20150327  425369  30 N24  55
20150327  425369  31 N23  54
20150327  425427  50  S5  29
20150327  425427  56 S12  23
20150327  425427  57 S11  22
20150327  425429  65 S15  14
20150327  425429  66 S14  13
20150327  425429  71 S20   8
20150328  425606  55 S13  24
20150328  425606  61 S19  18
20150329  426127  63 S17  16
20150329  426127  64 S16  15
20150329  426127  68 S23  11
20150329  426127  69 S22  10
20150329  426253  48  S7  31
20150329  426253  55 S13  24
20150329  426255  70 S21   9
20150401  427615  25 N18  49
20150401  427615  30 N24  55
20150401  427616  25 N18  49
20150401  427616  30 N24  55
20150401  427617  25 N18  49
20150401  427617  30 N24  55
20150401  427628  25 N18  49
20150401  427628  30 N24  55
20150402  427799  24 N19  50
20150402  427799  25 N18  49
20150402  427799  30 N24  55
20150402  427800  24 N19  50
20150402  427800  30 N24  55
20150402  427801  30 N24  55
20150402  427817  34 N20  51
20150402  427818  34 N20  51
20150402  427819  34 N20  51
20150402  427834  76 S25   4
20150402  427834  81 S29   1
20150402  427835  76 S25   4
20150402  427835  81 S29   1
20150402  427836  76 S25   4
20150402  427836  81 S29   1
20150402  427837  71 S20   8
20150402  427837  76 S25   4
20150402  427837  81 S29   1
20150402  427838  71 S20   8
20150402  427838  76 S25   4
20150402  427838  81 S29   1
20150402  427839  71 S20   8
20150402  427839  76 S25   4
20150402  427839  81 S29   1
20150402  427840  76 S25   4
20150402  427841  76 S25   4
20150402  427842  76 S25   4
20150402  427849  73 S28   7
20150402  427850  73 S28   7
20150402  427851  73 S28   7
20150402  427852  61 S19  18
20150402  427852  62 S18  17
20150402  427852  67 S24  12
20150402  427852  73 S28   7
20150402  427853  61 S19  18
20150402  427853  62 S18  17
20150402  427853  67 S24  12
20150402  427853  73 S28   7
20150402  427854  61 S19  18
20150402  427854  62 S18  17
20150402  427854  67 S24  12
20150402  427854  73 S28   7
20150402  427855  73 S28   7
20150402  427856  73 S28   7
20150402  427857  73 S28   7
20150402  428320  28 N15  46
20150402  428320  33 N21  52
20150402  428320  34 N20  51
20150402  428320  39 N25  56
20150402  428321  34 N20  51
20150402  428321  39 N25  56
20150402  428322  34 N20  51
20150402  428322  39 N25  56
20150402  428323  33 N21  52
20150402  428323  34 N20  51
20150402  428323  39 N25  56
20150402  428323  56 S12  23
20150402  428323  62 S18  17
20150402  428323  63 S17  16
20150402  428323  68 S23  11
20150402  428324  50  S5  29
20150402  428325  50  S5  29
20150402  428326  50  S5  29
20150402  428327  50  S5  29
20150407  430435  20 N11  42
20150407  430435  21 N10  41
20150407  430454  42 N31  62
20150407  430454  43 N30  61
20150408  430663  59  S9  20
20150408  430663  65 S15  14
20150408  430849  79 S31   3
20150408  430849  80 S30   2
20150409  431185  68 S23  11
20150409  431185  69 S22  10
20150409  431185  74 S27   6
20150409  431211  73 S28   7
20150409  431213  44 N29  60
20150409  431298  42 N31  62
20150410  431621  53  S2  26
20150410  431621  59  S9  20
20150410  431621  60  S8  19
20150410  431621  65 S15  14
20150410  431621  66 S14  13
20150410  431640  12  N6  37
20150410  431640  13  N5  36
20150410  431640  14  N4  35
20150410  431640  15  N3  34
20150410  431640  16  N2  33
20150410  431640  19 N12  43
20150410  431640  20 N11  42
20150410  431640  21 N10  41
20150410  431640  22  N9  40
20150410  431640  25 N18  49
20150410  431640  26 N17  48
20150410  431640  27 N16  47
20150410  431640  28 N15  46
20150410  431640  30 N24  55
20150410  431640  31 N23  54
20150410  431640  32 N22  53
20150410  431640  33 N21  52
20150410  431640  36 N28  59
20150410  431640  37 N27  58
20150410  431640  38 N26  57
20150410  431640  42 N31  62
20150410  431640  43 N30  61
20150410  431640  49  S6  30
20150410  431640  50  S5  29
20150410  431640  52  S3  27
20150410  431640  53  S2  26
20150410  431640  56 S12  23
20150410  431640  57 S11  22
20150410  431640  58 S10  21
20150410  431640  59  S9  20
20150410  431640  62 S18  17
20150410  431640  63 S17  16
20150410  431640  64 S16  15
20150410  431640  65 S15  14
20150410  431640  68 S23  11
20150410  431640  69 S22  10
20150410  431640  70 S21   9
20150410  431640  74 S27   6
20150410  431640  75 S26   5
20150410  431730  30 N24  55
20150410  431730  36 N28  59
20150411  432078  15  N3  34
20150411  432078  21 N10  41
20150411  432078  22  N9  40
20150411  432116  80 S30   2
20150411  432146  71 S20   8
20150411  432146  75 S26   5
20150411  432146  76 S25   4
20150411  432155  43 N30  61
20150416  433132  57 S11  22
20150416  433132  63 S17  16
20150416  433133  57 S11  22
20150416  433133  63 S17  16
20150416  433293  20 N11  42
20150416  433293  21 N10  41
20150416  433293  26 N17  48
20150416  433293  27 N16  47
20150416  433294  20 N11  42
20150416  433294  21 N10  41
20150416  433305  12  N6  37
20150416  433305  13  N5  36
20150416  433305  14  N4  35
20150416  433305  15  N3  34
20150416  433305  16  N2  33
20150416  433305  18 N13  44
20150416  433305  19 N12  43
20150416  433305  20 N11  42
20150416  433305  21 N10  41
20150416  433305  22  N9  40
20150416  433305  24 N19  50
20150416  433305  25 N18  49
20150416  433305  26 N17  48
20150416  433305  27 N16  47
20150416  433305  28 N15  46
20150416  433305  30 N24  55
20150416  433305  31 N23  54
20150416  433305  32 N22  53
20150416  433305  33 N21  52
20150416  433305  36 N28  59
20150416  433305  37 N27  58
20150416  433305  38 N26  57
20150416  433305  39 N25  56
20150416  433305  42 N31  62
20150416  433305  43 N30  61
20150416  433305  44 N29  60
20150416  433305  49  S6  30
20150416  433305  50  S5  29
20150416  433305  51  S4  28
20150416  433305  52  S3  27
20150416  433305  53  S2  26
20150416  433305  56 S12  23
20150416  433305  57 S11  22
20150416  433305  58 S10  21
20150416  433305  59  S9  20
20150416  433305  62 S18  17
20150416  433305  63 S17  16
20150416  433305  64 S16  15
20150416  433305  65 S15  14
20150416  433305  68 S23  11
20150416  433305  69 S22  10
20150416  433305  70 S21   9
20150416  433306  12  N6  37
20150416  433306  13  N5  36
20150416  433306  14  N4  35
20150416  433306  15  N3  34
20150416  433306  16  N2  33
20150416  433306  18 N13  44
20150416  433306  19 N12  43
20150416  433306  20 N11  42
20150416  433306  21 N10  41
20150416  433306  22  N9  40
20150416  433306  24 N19  50
20150416  433306  25 N18  49
20150416  433306  26 N17  48
20150416  433306  27 N16  47
20150416  433306  28 N15  46
20150416  433306  30 N24  55
20150416  433306  31 N23  54
20150416  433306  32 N22  53
20150416  433306  33 N21  52
20150416  433306  34 N20  51
20150416  433306  36 N28  59
20150416  433306  37 N27  58
20150416  433306  38 N26  57
20150416  433306  39 N25  56
20150416  433306  42 N31  62
20150416  433306  43 N30  61
20150416  433306  44 N29  60
20150416  433306  49  S6  30
20150416  433306  50  S5  29
20150416  433306  51  S4  28
20150416  433306  52  S3  27
20150416  433306  53  S2  26
20150416  433306  56 S12  23
20150416  433306  57 S11  22
20150416  433306  58 S10  21
20150416  433306  59  S9  20
20150416  433306  62 S18  17
20150416  433306  63 S17  16
20150416  433306  64 S16  15
20150416  433306  65 S15  14
20150416  433306  68 S23  11
20150416  433306  69 S22  10
20150416  433306  70 S21   9
20150416  433306  74 S27   6
20150416  433306  75 S26   5
20150416  433426  13  N5  36
20150416  433426  19 N12  43
20150416  433427  13  N5  36
20150416  433427  19 N12  43
20150426  437739  43 N30  61
20150426  437822  13  N5  36
20150426  437822  14  N4  35
20150426  437933  66 S14  13
20150426  437933  71 S20   8
20150426  437934  66 S14  13
20150426  437934  71 S20   8
20150426  437935  66 S14  13
20150426  437935  71 S20   8
20150426  437936  66 S14  13
20150426  437936  71 S20   8
20150426  437937  66 S14  13
20150426  437937  71 S20   8
20150426  437938  66 S14  13
20150426  437938  71 S20   8
20150518  438398  66 S14  13
20150518  438398  71 S20   8
20150518  438399  66 S14  13
20150518  438399  71 S20   8
20150518  438400  66 S14  13
20150518  438400  71 S20   8
20150518  438401  66 S14  13
20150518  438401  71 S20   8
20150518  438402  66 S14  13
20150518  438402  71 S20   8
20150518  438403  66 S14  13
20150518  438403  71 S20   8
20150524  441979  38 N26  57
20150524  441979  43 N30  61
20150524  441980  38 N26  57
20150524  441980  43 N30  61
20150524  441980  44 N29  60
20150524  441981  38 N26  57
20150524  441981  43 N30  61
20150524  441981  44 N29  60
20150525  442226  38 N26  57
20150525  442226  43 N30  61
20150525  442227  38 N26  57
20150525  442227  43 N30  61
20150525  442227  44 N29  60
20150525  442228  38 N26  57
20150525  442228  43 N30  61
20150525  442228  44 N29  60
20150526  442445  14  N4  35
20150526  442445  15  N3  34
20150526  442445  51  S4  28
20150526  442445  52  S3  27
20150526  442446  14  N4  35
20150526  442446  15  N3  34
20150526  442446  51  S4  28
20150526  442446  52  S3  27
20150526  442447  14  N4  35
20150526  442447  15  N3  34
20150526  442447  51  S4  28
20150526  442447  52  S3  27
20150526  442448  12  N6  37
20150526  442448  13  N5  36
20150526  442448  14  N4  35
20150526  442448  15  N3  34
20150526  442448  16  N2  33
20150526  442448  19 N12  43
20150526  442448  20 N11  42
20150526  442448  21 N10  41
20150526  442448  22  N9  40
20150526  442448  25 N18  49
20150526  442448  26 N17  48
20150526  442448  27 N16  47
20150526  442448  28 N15  46
20150526  442448  31 N23  54
20150526  442448  32 N22  53
20150526  442448  33 N21  52
20150526  442448  49  S6  30
20150526  442448  50  S5  29
20150526  442448  51  S4  28
20150526  442448  52  S3  27
20150526  442448  53  S2  26
20150526  442448  56 S12  23
20150526  442448  57 S11  22
20150526  442448  58 S10  21
20150526  442448  59  S9  20
20150526  442448  62 S18  17
20150526  442448  63 S17  16
20150526  442448  64 S16  15
20150526  442448  65 S15  14
20150526  442448  68 S23  11
20150526  442448  69 S22  10
20150526  442448  70 S21   9
20150526  442449  12  N6  37
20150526  442449  13  N5  36
20150526  442449  14  N4  35
20150526  442449  15  N3  34
20150526  442449  16  N2  33
20150526  442449  19 N12  43
20150526  442449  20 N11  42
20150526  442449  21 N10  41
20150526  442449  22  N9  40
20150526  442449  25 N18  49
20150526  442449  26 N17  48
20150526  442449  27 N16  47
20150526  442449  28 N15  46
20150526  442449  31 N23  54
20150526  442449  32 N22  53
20150526  442449  33 N21  52
20150526  442449  49  S6  30
20150526  442449  50  S5  29
20150526  442449  51  S4  28
20150526  442449  52  S3  27
20150526  442449  53  S2  26
20150526  442449  56 S12  23
20150526  442449  57 S11  22
20150526  442449  58 S10  21
20150526  442449  59  S9  20
20150526  442449  62 S18  17
20150526  442449  63 S17  16
20150526  442449  64 S16  15
20150526  442449  65 S15  14
20150526  442449  68 S23  11
20150526  442449  69 S22  10
20150526  442449  70 S21   9
20150526  442450  12  N6  37
20150526  442450  13  N5  36
20150526  442450  14  N4  35
20150526  442450  15  N3  34
20150526  442450  16  N2  33
20150526  442450  19 N12  43
20150526  442450  20 N11  42
20150526  442450  21 N10  41
20150526  442450  22  N9  40
20150526  442450  25 N18  49
20150526  442450  26 N17  48
20150526  442450  27 N16  47
20150526  442450  28 N15  46
20150526  442450  31 N23  54
20150526  442450  32 N22  53
20150526  442450  33 N21  52
20150526  442450  49  S6  30
20150526  442450  50  S5  29
20150526  442450  51  S4  28
20150526  442450  52  S3  27
20150526  442450  53  S2  26
20150526  442450  56 S12  23
20150526  442450  57 S11  22
20150526  442450  58 S10  21
20150526  442450  59  S9  20
20150526  442450  62 S18  17
20150526  442450  63 S17  16
20150526  442450  64 S16  15
20150526  442450  65 S15  14
20150526  442450  68 S23  11
20150526  442450  69 S22  10
20150526  442450  70 S21   9
20150526  442646  52  S3  27
20150526  442646  58 S10  21
20150526  442646  59  S9  20
20150526  442647  52  S3  27
20150526  442647  58 S10  21
20150526  442647  59  S9  20
20150526  442648  52  S3  27
20150526  442648  58 S10  21
20150526  442648  59  S9  20
20150527  443017  52  S3  27
20150527  443017  58 S10  21
20150527  443017  59  S9  20
20150527  443018  52  S3  27
20150527  443018  58 S10  21
20150527  443018  59  S9  20
20150527  443019  52  S3  27
20150527  443019  58 S10  21
20150527  443019  59  S9  20
20150528  443576  66 S14  13
20150528  443576  71 S20   8
20150528  443577  66 S14  13
20150528  443577  71 S20   8
20150528  443578  66 S14  13
20150528  443578  71 S20   8
20150603  445982  60  S8  19
20150603  445982  66 S14  13
20150603  445983  51  S4  28
20150603  445983  57 S11  22
20150603  445983  58 S10  21
20150603  445983  63 S17  16
20150603  445983  64 S16  15
20150603  445984  32 N22  53
20150603  445984  38 N26  57
20150603  445984  43 N30  61
20150603  445984  44 N29  60
20150603  446058  60  S8  19
20150603  446058  66 S14  13
20150603  446059  51  S4  28
20150603  446059  57 S11  22
20150603  446059  58 S10  21
20150603  446060  38 N26  57
20150603  446060  43 N30  61
20150603  446060  44 N29  60
20150605  446869  30 N24  55
20150605  446870  65 S15  14
20150605  446870  66 S14  13
20150605  446870  71 S20   8
20150605  446871  60  S8  19
20150605  446871  66 S14  13
20150605  446890  36 N28  59
20150605  446890  37 N27  58
20150605  446890  42 N31  62
20150605  446891  37 N27  58
20150605  446891  42 N31  62
20150605  446891  43 N30  61
20150605  446914  11  N7  38
20150605  446918  75 S26   5
20150605  446918  81 S29   1
20150605  446919  76 S25   4
20150605  446919  81 S29   1
20150605  446992  22  N9  40
20150605  446992  23  N8  39
20150605  446992  28 N15  46
20150605  446992  29 N14  45
20150605  446993  22  N9  40
20150605  446993  23  N8  39
20150605  446993  28 N15  46
20150605  446993  29 N14  45
20150605  446994  23  N8  39
20150605  446994  29 N14  45
20150606  447185  55 S13  24
20150606  447185  61 S19  18
20150606  447186  48  S7  31
20150606  447186  49  S6  30
20150606  447186  55 S13  24
20150606  447206  26 N17  48
20150606  447206  31 N23  54
20150606  447206  32 N22  53
20150606  447206  37 N27  58
20150606  447207  26 N17  48
20150606  447207  27 N16  47
20150606  447207  32 N22  53
20150606  447207  33 N21  52
20150606  447207  37 N27  58
20150606  447207  38 N26  57
20150606  447211  80 S30   2
20150606  447212  75 S26   5
20150606  447212  80 S30   2
20150606  447237  37 N27  58
20150606  447237  42 N31  62
20150608  448003  30 N24  55
20150608  448004  65 S15  14
20150608  448004  66 S14  13
20150608  448004  71 S20   8
20150608  448005  65 S15  14
20150608  448005  66 S14  13
20150608  448005  71 S20   8
20150608  448006  60  S8  19
20150608  448006  66 S14  13
20150608  448023  31 N23  54
20150608  448023  36 N28  59
20150608  448023  37 N27  58
20150608  448023  42 N31  62
20150608  448024  37 N27  58
20150608  448024  38 N26  57
20150608  448024  42 N31  62
20150608  448024  43 N30  61
20150608  448046  11  N7  38
20150608  448046  18 N13  44
20150608  448046  48  S7  31
20150608  448047  22  N9  40
20150608  448048  22  N9  40
20150608  448048  23  N8  39
20150608  448048  28 N15  46
20150608  448048  29 N14  45
20150608  448049  75 S26   5
20150608  448049  76 S25   4
20150608  448049  80 S30   2
20150608  448049  81 S29   1
20150608  448050  75 S26   5
20150608  448050  76 S25   4
20150608  448050  81 S29   1
20150608  448055  52  S3  27
20150608  448055  53  S2  26
20150608  448055  59  S9  20
20150608  448056  53  S2  26
20150609  448371  26 N17  48
20150609  448371  31 N23  54
20150609  448371  32 N22  53
20150609  448371  37 N27  58
20150609  448371  51  S4  28
20150609  448371  57 S11  22
20150609  448371  58 S10  21
20150609  448371  63 S17  16
20150609  448371  64 S16  15
20150609  448372  32 N22  53
20150609  448372  33 N21  52
20150609  448372  37 N27  58
20150609  448372  38 N26  57
20150609  448372  57 S11  22
20150609  448372  58 S10  21
20150609  448372  63 S17  16
20150609  448372  64 S16  15
20150609  448400  36 N28  59
20150609  448400  37 N27  58
20150609  448400  42 N31  62
20150609  448400  43 N30  61
20150609  448400  63 S17  16
20150609  448400  64 S16  15
20150609  448400  69 S22  10
20150609  448400  70 S21   9
20150609  448406  42 N31  62
20150609  448406  43 N30  61
20150609  448406  80 S30   2
20150611  448791  38 N26  57
20150611  448791  43 N30  61
20150611  448792  38 N26  57
20150611  448792  43 N30  61
20150611  448792  44 N29  60
20150611  448793  38 N26  57
20150611  448793  43 N30  61
20150611  448793  44 N29  60
20150612  449065  38 N26  57
20150612  449065  43 N30  61
20150612  449066  38 N26  57
20150612  449066  43 N30  61
20150612  449066  44 N29  60
20150612  449067  38 N26  57
20150612  449067  43 N30  61
20150612  449067  44 N29  60
20150615  450032  38 N26  57
20150615  450032  43 N30  61
20150615  450033  38 N26  57
20150615  450033  43 N30  61
20150615  450033  44 N29  60
20150615  450034  38 N26  57
20150615  450034  43 N30  61
20150615  450034  44 N29  60
20150619  452216  12  N6  37
20150619  452216  14  N4  35
20150619  452216  15  N3  34
20150619  452216  16  N2  33
20150619  452216  17  N1  32
20150619  452216  21 N10  41
20150619  452216  22  N9  40
20150619  452216  23  N8  39
20150619  452216  28 N15  46
20150619  452216  29 N14  45
20150619  452216  49  S6  30
20150619  452216  50  S5  29
20150619  452216  52  S3  27
20150619  452216  53  S2  26
20150619  452216  54  S1  25
20150619  452216  55 S13  24
20150619  452216  56 S12  23
20150619  452216  59  S9  20
20150619  452216  60  S8  19
20150619  452217  12  N6  37
20150619  452217  14  N4  35
20150619  452217  15  N3  34
20150619  452217  16  N2  33
20150619  452217  17  N1  32
20150619  452217  21 N10  41
20150619  452217  22  N9  40
20150619  452217  23  N8  39
20150619  452217  28 N15  46
20150619  452217  29 N14  45
20150619  452217  34 N20  51
20150619  452217  49  S6  30
20150619  452217  50  S5  29
20150619  452217  51  S4  28
20150619  452217  52  S3  27
20150619  452217  53  S2  26
20150619  452217  54  S1  25
20150619  452217  55 S13  24
20150619  452217  56 S12  23
20150619  452217  59  S9  20
20150619  452217  60  S8  19
20150619  452222  80 S30   2
20150619  452222  81 S29   1
20150619  452223  80 S30   2
20150619  452223  81 S29   1
20150625  453980  43 N30  61
20150625  454023  64 S16  15
20150625  454023  69 S22  10
20150625  454023  70 S21   9
20150625  454023  75 S26   5
20150625  454023  80 S30   2
20150625  454024  69 S22  10
20150625  454024  70 S21   9
20150625  454024  75 S26   5
20150625  454024  80 S30   2
20150625  454025  69 S22  10
20150625  454025  70 S21   9
20150625  454025  75 S26   5
20150625  454025  80 S30   2
20150625  454026  64 S16  15
20150625  454026  69 S22  10
20150625  454026  70 S21   9
20150625  454026  75 S26   5
20150625  454026  80 S30   2
20150707  454826  60  S8  19
20150707  454826  66 S14  13
20150707  454845  51  S4  28
20150707  454845  57 S11  22
20150707  454845  58 S10  21
20150707  454845  63 S17  16
20150707  454845  64 S16  15
20150707  454867  51  S4  28
20150707  454867  57 S11  22
20150707  454867  58 S10  21
20150707  454867  63 S17  16
20150707  454867  64 S16  15
20150707  454888  32 N22  53
20150707  454888  38 N26  57
20150707  454888  43 N30  61
20150707  454888  44 N29  60
20150707  454951  66 S14  13
20150707  454951  71 S20   8
20150707  454952  66 S14  13
20150707  454952  71 S20   8
20150707  454953  66 S14  13
20150707  454953  71 S20   8
20150707  454957  66 S14  13
20150707  454957  71 S20   8
20150707  454958  66 S14  13
20150707  454958  71 S20   8
20150707  454959  66 S14  13
20150707  454959  71 S20   8
20150718  457826  22  N9  40
20150718  457826  23  N8  39
20150718  457826  28 N15  46
20150718  457826  29 N14  45
20150718  457827  23  N8  39
20150718  457827  29 N14  45
20150718  457827  34 N20  51
20150719  458372  32 N22  53
20150719  458373  32 N22  53
20150719  458373  33 N21  52
20150719  458373  38 N26  57
20150724  459741  66 S14  13
20150724  459741  71 S20   8
20150724  459742  66 S14  13
20150724  459742  71 S20   8
20150724  459743  66 S14  13
20150724  459743  71 S20   8
20150724  459744  66 S14  13
20150724  459744  71 S20   8
20150724  459745  66 S14  13
20150724  459745  71 S20   8
20150724  459746  66 S14  13
20150724  459746  71 S20   8
20150724  459747  66 S14  13
20150724  459747  71 S20   8
20150801  460364  60  S8  19
20150801  460364  66 S14  13
20150801  460365  51  S4  28
20150801  460365  57 S11  22
20150801  460365  58 S10  21
20150801  460365  63 S17  16
20150801  460365  64 S16  15
20150801  460368  32 N22  53
20150801  460368  38 N26  57
20150801  460368  43 N30  61
20150801  460368  44 N29  60
