#date     expnum ccd id ccdnum
# Airplane
20190901  892897 nan nan  13
20190901  892897 nan nan  19
20190901  892897 nan nan  25
20190901  892897 nan nan  26
20190901  892897 nan nan  33
20190901  892897 nan nan  39
20190901  892897 nan nan  40
20190901  892897 nan nan  45
20190901  892897 nan nan  46
20190901  892897 nan nan  51
20190901  892897 nan nan  56
20190901  892897 nan nan  60
# Airplane
20190812  886095 nan nan  2
20190812  886095 nan nan  3
20190812  886095 nan nan  5
20190812  886095 nan nan  6
20190812  886095 nan nan  7
20190812  886095 nan nan  10
20190812  886095 nan nan  11
20190812  886095 nan nan  12
20190812  886095 nan nan  16
20190812  886095 nan nan  17
20190812  886095 nan nan  18
20190812  886095 nan nan  22
20190812  886095 nan nan  23
20190812  886095 nan nan  24
20190812  886095 nan nan  28
20190812  886095 nan nan  29
20190812  886095 nan nan  30
20190812  886095 nan nan  31
20190812  886095 nan nan  36
20190812  886095 nan nan  37
20190812  886095 nan nan  38
20190812  886095 nan nan  42
20190812  886095 nan nan  43
20190812  886095 nan nan  44
20190812  886095 nan nan  49
20190812  886095 nan nan  50
20190812  886095 nan nan  54
20190812  886095 nan nan  55
20190812  886095 nan nan  59
