#date     expnum ccd id ccdnum
#select nite || ' ' || expnum || ' nan S30  2' as lazarus from exposure 
# where expnum >= 603667 and expnum <= 605094 and obstype = 'object' order by expnum asc;
20161222  603667 nan S30  2
20161222  603668 nan S30  2
20161222  603669 nan S30  2
20161222  603670 nan S30  2
20161222  603671 nan S30  2
20161222  603672 nan S30  2
20161222  603673 nan S30  2
20161222  603674 nan S30  2
20161222  603675 nan S30  2
20161222  603676 nan S30  2
20161222  603677 nan S30  2
20161222  603678 nan S30  2
20161222  603679 nan S30  2
20161222  603680 nan S30  2
20161222  603681 nan S30  2
20161222  603682 nan S30  2
20161222  603684 nan S30  2
20161222  603685 nan S30  2
20161222  603686 nan S30  2
20161222  603687 nan S30  2
20161222  603688 nan S30  2
20161222  603689 nan S30  2
20161222  603690 nan S30  2
20161222  603691 nan S30  2
20161222  603692 nan S30  2
20161222  603693 nan S30  2
20161222  603694 nan S30  2
20161222  603696 nan S30  2
20161222  603698 nan S30  2
20161222  603699 nan S30  2
20161222  603700 nan S30  2
20161222  603701 nan S30  2
20161222  603702 nan S30  2
20161222  603703 nan S30  2
20161222  603704 nan S30  2
20161222  603705 nan S30  2
20161222  603706 nan S30  2
20161222  603707 nan S30  2
20161222  603708 nan S30  2
20161222  603709 nan S30  2
20161222  603710 nan S30  2
20161222  603711 nan S30  2
20161222  603712 nan S30  2
20161222  603713 nan S30  2
20161222  603714 nan S30  2
20161222  603715 nan S30  2
20161222  603716 nan S30  2
20161222  603717 nan S30  2
20161222  603718 nan S30  2
20161222  603719 nan S30  2
20161222  603720 nan S30  2
20161222  603721 nan S30  2
20161222  603722 nan S30  2
20161222  603723 nan S30  2
20161222  603724 nan S30  2
20161222  603725 nan S30  2
20161222  603726 nan S30  2
20161222  603727 nan S30  2
20161222  603728 nan S30  2
20161222  603729 nan S30  2
20161222  603730 nan S30  2
20161222  603731 nan S30  2
20161222  603732 nan S30  2
20161222  603733 nan S30  2
20161222  603734 nan S30  2
20161222  603735 nan S30  2
20161222  603736 nan S30  2
20161222  603737 nan S30  2
20161222  603738 nan S30  2
20161222  603739 nan S30  2
20161222  603740 nan S30  2
20161222  603741 nan S30  2
20161222  603742 nan S30  2
20161222  603743 nan S30  2
20161222  603744 nan S30  2
20161222  603745 nan S30  2
20161222  603746 nan S30  2
20161222  603747 nan S30  2
20161222  603748 nan S30  2
20161222  603749 nan S30  2
20161222  603750 nan S30  2
20161222  603751 nan S30  2
20161222  603752 nan S30  2
20161222  603753 nan S30  2
20161222  603754 nan S30  2
20161222  603755 nan S30  2
20161222  603756 nan S30  2
20161222  603757 nan S30  2
20161222  603758 nan S30  2
20161222  603759 nan S30  2
20161222  603760 nan S30  2
20161222  603761 nan S30  2
20161222  603762 nan S30  2
20161222  603763 nan S30  2
20161222  603764 nan S30  2
20161222  603765 nan S30  2
20161222  603766 nan S30  2
20161222  603767 nan S30  2
20161222  603768 nan S30  2
20161222  603769 nan S30  2
20161222  603770 nan S30  2
20161222  603771 nan S30  2
20161222  603772 nan S30  2
20161222  603773 nan S30  2
20161222  603774 nan S30  2
20161222  603775 nan S30  2
20161222  603776 nan S30  2
20161222  603777 nan S30  2
20161222  603778 nan S30  2
20161222  603779 nan S30  2
20161222  603780 nan S30  2
20161222  603781 nan S30  2
20161222  603782 nan S30  2
20161222  603783 nan S30  2
20161222  603784 nan S30  2
20161222  603785 nan S30  2
20161222  603786 nan S30  2
20161222  603787 nan S30  2
20161222  603788 nan S30  2
20161222  603789 nan S30  2
20161222  603790 nan S30  2
20161222  603791 nan S30  2
20161222  603792 nan S30  2
20161222  603793 nan S30  2
20161222  603794 nan S30  2
20161222  603795 nan S30  2
20161222  603796 nan S30  2
20161222  603797 nan S30  2
20161222  603798 nan S30  2
20161222  603799 nan S30  2
20161222  603800 nan S30  2
20161222  603801 nan S30  2
20161222  603802 nan S30  2
20161222  603803 nan S30  2
20161222  603804 nan S30  2
20161222  603805 nan S30  2
20161222  603806 nan S30  2
20161222  603807 nan S30  2
20161222  603808 nan S30  2
20161222  603809 nan S30  2
20161222  603810 nan S30  2
20161222  603811 nan S30  2
20161222  603812 nan S30  2
20161222  603813 nan S30  2
20161222  603814 nan S30  2
20161222  603815 nan S30  2
20161222  603816 nan S30  2
20161222  603817 nan S30  2
20161222  603818 nan S30  2
20161222  603819 nan S30  2
20161222  603820 nan S30  2
20161222  603821 nan S30  2
20161222  603822 nan S30  2
20161222  603823 nan S30  2
20161222  603824 nan S30  2
20161222  603825 nan S30  2
20161222  603826 nan S30  2
20161222  603827 nan S30  2
20161223  603972 nan S30  2
20161223  603973 nan S30  2
20161223  603989 nan S30  2
20161223  603990 nan S30  2
20161223  603991 nan S30  2
20161223  603992 nan S30  2
20161223  603993 nan S30  2
20161223  603994 nan S30  2
20161223  603995 nan S30  2
20161223  603996 nan S30  2
20161223  603997 nan S30  2
20161223  603998 nan S30  2
20161223  603999 nan S30  2
20161223  604000 nan S30  2
20161223  604001 nan S30  2
20161223  604002 nan S30  2
20161223  604003 nan S30  2
20161223  604004 nan S30  2
20161223  604005 nan S30  2
20161223  604006 nan S30  2
20161223  604007 nan S30  2
20161223  604008 nan S30  2
20161223  604009 nan S30  2
20161223  604010 nan S30  2
20161223  604011 nan S30  2
20161223  604012 nan S30  2
20161223  604013 nan S30  2
20161223  604014 nan S30  2
20161223  604015 nan S30  2
20161223  604016 nan S30  2
20161223  604017 nan S30  2
20161223  604018 nan S30  2
20161223  604019 nan S30  2
20161223  604020 nan S30  2
20161223  604021 nan S30  2
20161223  604022 nan S30  2
20161223  604023 nan S30  2
20161223  604024 nan S30  2
20161223  604025 nan S30  2
20161223  604026 nan S30  2
20161223  604027 nan S30  2
20161223  604028 nan S30  2
20161223  604029 nan S30  2
20161223  604030 nan S30  2
20161223  604031 nan S30  2
20161223  604032 nan S30  2
20161223  604033 nan S30  2
20161223  604034 nan S30  2
20161223  604035 nan S30  2
20161223  604036 nan S30  2
20161223  604037 nan S30  2
20161223  604038 nan S30  2
20161223  604039 nan S30  2
20161223  604040 nan S30  2
20161223  604041 nan S30  2
20161223  604042 nan S30  2
20161223  604043 nan S30  2
20161223  604044 nan S30  2
20161223  604045 nan S30  2
20161223  604046 nan S30  2
20161223  604047 nan S30  2
20161223  604048 nan S30  2
20161223  604049 nan S30  2
20161223  604050 nan S30  2
20161223  604051 nan S30  2
20161223  604052 nan S30  2
20161223  604053 nan S30  2
20161223  604054 nan S30  2
20161223  604055 nan S30  2
20161223  604056 nan S30  2
20161223  604057 nan S30  2
20161223  604058 nan S30  2
20161223  604059 nan S30  2
20161223  604060 nan S30  2
20161223  604061 nan S30  2
20161223  604062 nan S30  2
20161223  604063 nan S30  2
20161223  604064 nan S30  2
20161223  604065 nan S30  2
20161223  604066 nan S30  2
20161223  604067 nan S30  2
20161223  604068 nan S30  2
20161223  604069 nan S30  2
20161223  604070 nan S30  2
20161223  604071 nan S30  2
20161223  604072 nan S30  2
20161223  604073 nan S30  2
20161223  604074 nan S30  2
20161223  604075 nan S30  2
20161223  604076 nan S30  2
20161223  604077 nan S30  2
20161223  604078 nan S30  2
20161223  604079 nan S30  2
20161223  604080 nan S30  2
20161223  604081 nan S30  2
20161223  604082 nan S30  2
20161223  604083 nan S30  2
20161223  604084 nan S30  2
20161223  604085 nan S30  2
20161223  604086 nan S30  2
20161223  604087 nan S30  2
20161223  604088 nan S30  2
20161223  604089 nan S30  2
20161223  604090 nan S30  2
20161223  604091 nan S30  2
20161223  604092 nan S30  2
20161223  604093 nan S30  2
20161223  604094 nan S30  2
20161223  604095 nan S30  2
20161223  604096 nan S30  2
20161223  604097 nan S30  2
20161223  604098 nan S30  2
20161223  604099 nan S30  2
20161223  604100 nan S30  2
20161223  604101 nan S30  2
20161223  604102 nan S30  2
20161223  604103 nan S30  2
20161223  604104 nan S30  2
20161223  604105 nan S30  2
20161223  604106 nan S30  2
20161223  604107 nan S30  2
20161223  604108 nan S30  2
20161223  604109 nan S30  2
20161223  604110 nan S30  2
20161223  604111 nan S30  2
20161223  604112 nan S30  2
20161223  604113 nan S30  2
20161223  604114 nan S30  2
20161223  604115 nan S30  2
20161223  604116 nan S30  2
20161223  604117 nan S30  2
20161223  604118 nan S30  2
20161223  604119 nan S30  2
20161223  604120 nan S30  2
20161223  604121 nan S30  2
20161223  604122 nan S30  2
20161223  604123 nan S30  2
20161223  604124 nan S30  2
20161223  604125 nan S30  2
20161223  604126 nan S30  2
20161223  604127 nan S30  2
20161223  604128 nan S30  2
20161223  604129 nan S30  2
20161223  604130 nan S30  2
20161223  604131 nan S30  2
20161223  604132 nan S30  2
20161223  604133 nan S30  2
20161223  604134 nan S30  2
20161223  604135 nan S30  2
20161223  604136 nan S30  2
20161223  604137 nan S30  2
20161223  604138 nan S30  2
20161223  604139 nan S30  2
20161223  604140 nan S30  2
20161223  604141 nan S30  2
20161223  604142 nan S30  2
20161223  604143 nan S30  2
20161223  604144 nan S30  2
20161223  604145 nan S30  2
20161223  604146 nan S30  2
20161223  604147 nan S30  2
20161223  604148 nan S30  2
20161223  604149 nan S30  2
20161223  604150 nan S30  2
20161223  604151 nan S30  2
20161223  604152 nan S30  2
20161223  604153 nan S30  2
20161223  604154 nan S30  2
20161223  604155 nan S30  2
20161223  604156 nan S30  2
20161223  604157 nan S30  2
20161223  604158 nan S30  2
20161223  604159 nan S30  2
20161224  604304 nan S30  2
20161224  604305 nan S30  2
20161224  604321 nan S30  2
20161224  604322 nan S30  2
20161224  604323 nan S30  2
20161224  604324 nan S30  2
20161224  604325 nan S30  2
20161224  604326 nan S30  2
20161224  604327 nan S30  2
20161224  604328 nan S30  2
20161224  604329 nan S30  2
20161224  604330 nan S30  2
20161224  604331 nan S30  2
20161224  604332 nan S30  2
20161224  604333 nan S30  2
20161224  604334 nan S30  2
20161224  604335 nan S30  2
20161224  604336 nan S30  2
20161224  604337 nan S30  2
20161224  604338 nan S30  2
20161224  604339 nan S30  2
20161224  604340 nan S30  2
20161224  604341 nan S30  2
20161224  604342 nan S30  2
20161224  604343 nan S30  2
20161224  604344 nan S30  2
20161224  604345 nan S30  2
20161224  604346 nan S30  2
20161224  604347 nan S30  2
20161224  604348 nan S30  2
20161224  604349 nan S30  2
20161224  604350 nan S30  2
20161224  604351 nan S30  2
20161224  604352 nan S30  2
20161224  604353 nan S30  2
20161224  604354 nan S30  2
20161224  604355 nan S30  2
20161224  604356 nan S30  2
20161224  604357 nan S30  2
20161224  604358 nan S30  2
20161224  604359 nan S30  2
20161224  604360 nan S30  2
20161224  604361 nan S30  2
20161224  604362 nan S30  2
20161224  604363 nan S30  2
20161224  604364 nan S30  2
20161224  604365 nan S30  2
20161224  604366 nan S30  2
20161224  604367 nan S30  2
20161224  604368 nan S30  2
20161224  604369 nan S30  2
20161224  604370 nan S30  2
20161224  604371 nan S30  2
20161224  604372 nan S30  2
20161224  604373 nan S30  2
20161224  604374 nan S30  2
20161224  604375 nan S30  2
20161224  604376 nan S30  2
20161224  604377 nan S30  2
20161224  604378 nan S30  2
20161224  604379 nan S30  2
20161224  604380 nan S30  2
20161224  604381 nan S30  2
20161224  604382 nan S30  2
20161224  604383 nan S30  2
20161224  604384 nan S30  2
20161224  604385 nan S30  2
20161224  604386 nan S30  2
20161224  604387 nan S30  2
20161224  604388 nan S30  2
20161224  604389 nan S30  2
20161224  604390 nan S30  2
20161224  604391 nan S30  2
20161224  604392 nan S30  2
20161224  604393 nan S30  2
20161224  604394 nan S30  2
20161224  604395 nan S30  2
20161224  604396 nan S30  2
20161224  604397 nan S30  2
20161224  604398 nan S30  2
20161224  604399 nan S30  2
20161224  604400 nan S30  2
20161224  604401 nan S30  2
20161224  604402 nan S30  2
20161224  604403 nan S30  2
20161224  604404 nan S30  2
20161224  604405 nan S30  2
20161224  604406 nan S30  2
20161224  604407 nan S30  2
20161224  604408 nan S30  2
20161224  604409 nan S30  2
20161224  604410 nan S30  2
20161224  604411 nan S30  2
20161224  604412 nan S30  2
20161224  604413 nan S30  2
20161224  604414 nan S30  2
20161224  604415 nan S30  2
20161224  604416 nan S30  2
20161224  604417 nan S30  2
20161224  604418 nan S30  2
20161224  604419 nan S30  2
20161224  604420 nan S30  2
20161224  604421 nan S30  2
20161224  604422 nan S30  2
20161224  604423 nan S30  2
20161224  604424 nan S30  2
20161224  604425 nan S30  2
20161224  604426 nan S30  2
20161224  604427 nan S30  2
20161224  604428 nan S30  2
20161224  604429 nan S30  2
20161224  604430 nan S30  2
20161224  604431 nan S30  2
20161224  604432 nan S30  2
20161224  604433 nan S30  2
20161224  604434 nan S30  2
20161224  604435 nan S30  2
20161224  604436 nan S30  2
20161224  604437 nan S30  2
20161224  604438 nan S30  2
20161224  604439 nan S30  2
20161224  604440 nan S30  2
20161224  604441 nan S30  2
20161224  604442 nan S30  2
20161224  604443 nan S30  2
20161224  604444 nan S30  2
20161224  604445 nan S30  2
20161224  604446 nan S30  2
20161224  604447 nan S30  2
20161224  604448 nan S30  2
20161224  604449 nan S30  2
20161224  604450 nan S30  2
20161224  604451 nan S30  2
20161224  604452 nan S30  2
20161224  604453 nan S30  2
20161224  604454 nan S30  2
20161224  604455 nan S30  2
20161224  604456 nan S30  2
20161224  604457 nan S30  2
20161224  604458 nan S30  2
20161224  604459 nan S30  2
20161224  604460 nan S30  2
20161224  604461 nan S30  2
20161224  604462 nan S30  2
20161224  604463 nan S30  2
20161224  604464 nan S30  2
20161224  604465 nan S30  2
20161224  604466 nan S30  2
20161224  604467 nan S30  2
20161224  604468 nan S30  2
20161224  604469 nan S30  2
20161224  604470 nan S30  2
20161224  604471 nan S30  2
20161224  604472 nan S30  2
20161224  604473 nan S30  2
20161224  604474 nan S30  2
20161224  604475 nan S30  2
20161224  604476 nan S30  2
20161224  604477 nan S30  2
20161224  604478 nan S30  2
20161224  604479 nan S30  2
20161224  604480 nan S30  2
20161224  604481 nan S30  2
20161224  604482 nan S30  2
20161224  604483 nan S30  2
20161224  604484 nan S30  2
20161224  604485 nan S30  2
20161224  604486 nan S30  2
20161224  604487 nan S30  2
20161224  604488 nan S30  2
20161224  604489 nan S30  2
20161224  604490 nan S30  2
20161224  604491 nan S30  2
20161224  604492 nan S30  2
20161224  604493 nan S30  2
20161224  604494 nan S30  2
20161224  604495 nan S30  2
20161224  604496 nan S30  2
20161224  604497 nan S30  2
20161224  604498 nan S30  2
20161224  604499 nan S30  2
20161224  604500 nan S30  2
20161224  604501 nan S30  2
20161224  604502 nan S30  2
20161224  604503 nan S30  2
20161224  604504 nan S30  2
20161224  604505 nan S30  2
20161224  604506 nan S30  2
20161227  604654 nan S30  2
20161227  604655 nan S30  2
20161227  604671 nan S30  2
20161227  604672 nan S30  2
20161227  604673 nan S30  2
20161227  604674 nan S30  2
20161227  604675 nan S30  2
20161227  604676 nan S30  2
20161227  604677 nan S30  2
20161227  604678 nan S30  2
20161227  604679 nan S30  2
20161227  604680 nan S30  2
20161227  604681 nan S30  2
20161227  604682 nan S30  2
20161227  604683 nan S30  2
20161227  604684 nan S30  2
20161227  604685 nan S30  2
20161227  604686 nan S30  2
20161227  604687 nan S30  2
20161227  604688 nan S30  2
20161227  604689 nan S30  2
20161227  604690 nan S30  2
20161227  604691 nan S30  2
20161227  604692 nan S30  2
20161227  604693 nan S30  2
20161227  604694 nan S30  2
20161227  604695 nan S30  2
20161227  604696 nan S30  2
20161227  604697 nan S30  2
20161227  604698 nan S30  2
20161227  604699 nan S30  2
20161227  604700 nan S30  2
20161227  604701 nan S30  2
20161227  604702 nan S30  2
20161227  604703 nan S30  2
20161227  604704 nan S30  2
20161227  604705 nan S30  2
20161227  604706 nan S30  2
20161227  604707 nan S30  2
20161227  604708 nan S30  2
20161227  604709 nan S30  2
20161227  604710 nan S30  2
20161227  604711 nan S30  2
20161227  604712 nan S30  2
20161227  604713 nan S30  2
20161227  604714 nan S30  2
20161227  604715 nan S30  2
20161227  604716 nan S30  2
20161227  604717 nan S30  2
20161227  604718 nan S30  2
20161227  604719 nan S30  2
20161227  604720 nan S30  2
20161227  604721 nan S30  2
20161227  604722 nan S30  2
20161227  604729 nan S30  2
20161227  604730 nan S30  2
20161227  604731 nan S30  2
20161227  604732 nan S30  2
20161227  604733 nan S30  2
20161227  604734 nan S30  2
20161227  604735 nan S30  2
20161227  604736 nan S30  2
20161227  604737 nan S30  2
20161227  604738 nan S30  2
20161227  604739 nan S30  2
20161227  604740 nan S30  2
20161227  604741 nan S30  2
20161227  604742 nan S30  2
20161227  604743 nan S30  2
20161227  604744 nan S30  2
20161227  604745 nan S30  2
20161227  604746 nan S30  2
20161227  604747 nan S30  2
20161227  604748 nan S30  2
20161227  604749 nan S30  2
20161227  604750 nan S30  2
20161227  604751 nan S30  2
20161227  604752 nan S30  2
20161227  604753 nan S30  2
20161227  604754 nan S30  2
20161227  604755 nan S30  2
20161227  604756 nan S30  2
20161227  604757 nan S30  2
20161227  604758 nan S30  2
20161227  604759 nan S30  2
20161227  604760 nan S30  2
20161227  604761 nan S30  2
20161227  604762 nan S30  2
20161227  604763 nan S30  2
20161227  604764 nan S30  2
20161227  604765 nan S30  2
20161227  604766 nan S30  2
20161227  604767 nan S30  2
20161227  604768 nan S30  2
20161227  604769 nan S30  2
20161227  604770 nan S30  2
20161227  604771 nan S30  2
20161227  604772 nan S30  2
20161227  604773 nan S30  2
20161227  604774 nan S30  2
20161227  604775 nan S30  2
20161227  604776 nan S30  2
20161227  604777 nan S30  2
20161227  604778 nan S30  2
20161227  604779 nan S30  2
20161227  604780 nan S30  2
20161227  604781 nan S30  2
20161227  604782 nan S30  2
20161227  604783 nan S30  2
20161227  604784 nan S30  2
20161227  604785 nan S30  2
20161227  604786 nan S30  2
20161227  604787 nan S30  2
20161227  604788 nan S30  2
20161227  604789 nan S30  2
20161227  604790 nan S30  2
20161227  604791 nan S30  2
20161227  604792 nan S30  2
20161227  604793 nan S30  2
20161227  604794 nan S30  2
20161227  604795 nan S30  2
20161227  604796 nan S30  2
20161227  604797 nan S30  2
20161227  604798 nan S30  2
20161227  604799 nan S30  2
20161227  604800 nan S30  2
20161227  604801 nan S30  2
20161227  604802 nan S30  2
20161227  604803 nan S30  2
20161227  604804 nan S30  2
20161228  604923 nan S30  2
20161228  604939 nan S30  2
20161228  604940 nan S30  2
20161228  604941 nan S30  2
20161228  604942 nan S30  2
20161228  604943 nan S30  2
20161228  604944 nan S30  2
20161228  604945 nan S30  2
20161228  604946 nan S30  2
20161228  604947 nan S30  2
20161228  604948 nan S30  2
20161228  604949 nan S30  2
20161228  604950 nan S30  2
20161228  604951 nan S30  2
20161228  604952 nan S30  2
20161228  604953 nan S30  2
20161228  604954 nan S30  2
20161228  604955 nan S30  2
20161228  604956 nan S30  2
20161228  604957 nan S30  2
20161228  604958 nan S30  2
20161228  604959 nan S30  2
20161228  604960 nan S30  2
20161228  604961 nan S30  2
20161228  604962 nan S30  2
20161228  604963 nan S30  2
20161228  604964 nan S30  2
20161228  604965 nan S30  2
20161228  604966 nan S30  2
20161228  604967 nan S30  2
20161228  604968 nan S30  2
20161228  604969 nan S30  2
20161228  604970 nan S30  2
20161228  604971 nan S30  2
20161228  604972 nan S30  2
20161228  604973 nan S30  2
20161228  604974 nan S30  2
20161228  604975 nan S30  2
20161228  604976 nan S30  2
20161228  604977 nan S30  2
20161228  604978 nan S30  2
20161228  604979 nan S30  2
20161228  604980 nan S30  2
20161228  604981 nan S30  2
20161228  604982 nan S30  2
20161228  604983 nan S30  2
20161228  604984 nan S30  2
20161228  604985 nan S30  2
20161228  604986 nan S30  2
20161228  604987 nan S30  2
20161228  604988 nan S30  2
20161228  604989 nan S30  2
20161228  604990 nan S30  2
20161228  604991 nan S30  2
20161228  604992 nan S30  2
20161228  604993 nan S30  2
20161228  604994 nan S30  2
20161228  604995 nan S30  2
20161228  604996 nan S30  2
20161228  604997 nan S30  2
20161228  604998 nan S30  2
20161228  604999 nan S30  2
20161228  605000 nan S30  2
20161228  605001 nan S30  2
20161228  605009 nan S30  2
20161228  605010 nan S30  2
20161228  605011 nan S30  2
20161228  605012 nan S30  2
20161228  605013 nan S30  2
20161228  605014 nan S30  2
20161228  605015 nan S30  2
20161228  605016 nan S30  2
20161228  605017 nan S30  2
20161228  605018 nan S30  2
20161228  605019 nan S30  2
20161228  605020 nan S30  2
20161228  605021 nan S30  2
20161228  605022 nan S30  2
20161228  605023 nan S30  2
20161228  605024 nan S30  2
20161228  605025 nan S30  2
20161228  605026 nan S30  2
20161228  605027 nan S30  2
20161228  605028 nan S30  2
20161228  605029 nan S30  2
20161228  605030 nan S30  2
20161228  605031 nan S30  2
20161228  605032 nan S30  2
20161228  605033 nan S30  2
20161228  605034 nan S30  2
20161228  605035 nan S30  2
20161228  605036 nan S30  2
20161228  605037 nan S30  2
20161228  605038 nan S30  2
20161228  605039 nan S30  2
20161228  605040 nan S30  2
20161228  605041 nan S30  2
20161228  605042 nan S30  2
20161228  605043 nan S30  2
20161228  605044 nan S30  2
20161228  605045 nan S30  2
20161228  605046 nan S30  2
20161228  605047 nan S30  2
20161228  605048 nan S30  2
20161228  605049 nan S30  2
20161228  605050 nan S30  2
20161228  605051 nan S30  2
20161228  605052 nan S30  2
20161228  605053 nan S30  2
20161228  605054 nan S30  2
20161228  605055 nan S30  2
20161228  605056 nan S30  2
20161228  605057 nan S30  2
20161228  605058 nan S30  2
20161228  605059 nan S30  2
20161228  605060 nan S30  2
20161228  605061 nan S30  2
20161228  605062 nan S30  2
20161228  605063 nan S30  2
20161228  605064 nan S30  2
20161228  605065 nan S30  2
20161228  605066 nan S30  2
20161228  605067 nan S30  2
20161228  605068 nan S30  2
20161228  605069 nan S30  2
20161228  605070 nan S30  2
20161228  605071 nan S30  2
20161228  605072 nan S30  2
20161228  605073 nan S30  2
20161228  605074 nan S30  2
20161228  605075 nan S30  2
20161228  605076 nan S30  2
20161228  605077 nan S30  2
20161228  605078 nan S30  2
20161228  605079 nan S30  2
20161228  605080 nan S30  2
20161228  605081 nan S30  2
20161228  605082 nan S30  2
20161228  605083 nan S30  2
20161228  605084 nan S30  2
20161228  605085 nan S30  2
20161228  605086 nan S30  2
20161228  605087 nan S30  2
20161228  605088 nan S30  2
20161228  605089 nan S30  2
20161228  605090 nan S30  2
20161228  605091 nan S30  2
20161228  605092 nan S30  2
20161228  605093 nan S30  2
20161228  605094 nan S30  2
