#date     expnum ccd id ccdnum
# select nite || ' ' || expnum || ' nan N10  41' as lazarus from exposure 
# where ( 
#  (expnum > 767395 and expnum <= 769284) or 
#  (expnum >= 771163 and expnum <= 774555) or 
#  (expnum >= 785517 and expnum <= 785524) 
# )
# and obstype = 'object' order by expnum asc;
20180831  767526 nan N10  41
20180831  767527 nan N10  41
20180831  767528 nan N10  41
20180831  767529 nan N10  41
20180831  767530 nan N10  41
20180831  767531 nan N10  41
20180831  767532 nan N10  41
20180831  767533 nan N10  41
20180831  767534 nan N10  41
20180831  767535 nan N10  41
20180831  767536 nan N10  41
20180831  767537 nan N10  41
20180831  767538 nan N10  41
20180831  767539 nan N10  41
20180831  767540 nan N10  41
20180831  767541 nan N10  41
20180831  767542 nan N10  41
20180831  767543 nan N10  41
20180831  767544 nan N10  41
20180831  767545 nan N10  41
20180831  767546 nan N10  41
20180831  767547 nan N10  41
20180831  767548 nan N10  41
20180831  767549 nan N10  41
20180831  767550 nan N10  41
20180831  767551 nan N10  41
20180831  767552 nan N10  41
20180831  767553 nan N10  41
20180831  767554 nan N10  41
20180831  767555 nan N10  41
20180831  767556 nan N10  41
20180831  767557 nan N10  41
20180831  767558 nan N10  41
20180831  767559 nan N10  41
20180831  767560 nan N10  41
20180831  767561 nan N10  41
20180831  767562 nan N10  41
20180831  767563 nan N10  41
20180831  767564 nan N10  41
20180831  767565 nan N10  41
20180831  767566 nan N10  41
20180831  767567 nan N10  41
20180831  767568 nan N10  41
20180831  767569 nan N10  41
20180831  767570 nan N10  41
20180831  767571 nan N10  41
20180831  767572 nan N10  41
20180831  767573 nan N10  41
20180831  767574 nan N10  41
20180831  767575 nan N10  41
20180831  767576 nan N10  41
20180831  767577 nan N10  41
20180831  767578 nan N10  41
20180831  767579 nan N10  41
20180831  767580 nan N10  41
20180831  767581 nan N10  41
20180831  767582 nan N10  41
20180831  767583 nan N10  41
20180831  767584 nan N10  41
20180831  767585 nan N10  41
20180831  767586 nan N10  41
20180831  767587 nan N10  41
20180831  767588 nan N10  41
20180831  767589 nan N10  41
20180831  767590 nan N10  41
20180831  767591 nan N10  41
20180831  767592 nan N10  41
20180831  767593 nan N10  41
20180831  767594 nan N10  41
20180831  767595 nan N10  41
20180831  767596 nan N10  41
20180831  767597 nan N10  41
20180831  767598 nan N10  41
20180831  767599 nan N10  41
20180831  767600 nan N10  41
20180831  767601 nan N10  41
20180831  767602 nan N10  41
20180831  767603 nan N10  41
20180831  767604 nan N10  41
20180831  767605 nan N10  41
20180831  767606 nan N10  41
20180831  767607 nan N10  41
20180831  767608 nan N10  41
20180831  767609 nan N10  41
20180831  767610 nan N10  41
20180831  767611 nan N10  41
20180831  767612 nan N10  41
20180831  767613 nan N10  41
20180831  767614 nan N10  41
20180831  767615 nan N10  41
20180831  767616 nan N10  41
20180831  767617 nan N10  41
20180831  767618 nan N10  41
20180831  767619 nan N10  41
20180831  767620 nan N10  41
20180831  767621 nan N10  41
20180831  767622 nan N10  41
20180831  767623 nan N10  41
20180831  767624 nan N10  41
20180831  767625 nan N10  41
20180831  767626 nan N10  41
20180831  767627 nan N10  41
20180831  767628 nan N10  41
20180831  767629 nan N10  41
20180831  767630 nan N10  41
20180831  767631 nan N10  41
20180831  767632 nan N10  41
20180831  767633 nan N10  41
20180831  767634 nan N10  41
20180831  767635 nan N10  41
20180831  767636 nan N10  41
20180831  767637 nan N10  41
20180831  767638 nan N10  41
20180831  767639 nan N10  41
20180831  767640 nan N10  41
20180831  767641 nan N10  41
20180831  767642 nan N10  41
20180831  767643 nan N10  41
20180831  767644 nan N10  41
20180831  767645 nan N10  41
20180831  767646 nan N10  41
20180831  767647 nan N10  41
20180831  767648 nan N10  41
20180831  767649 nan N10  41
20180831  767650 nan N10  41
20180831  767651 nan N10  41
20180831  767652 nan N10  41
20180831  767653 nan N10  41
20180831  767654 nan N10  41
20180831  767655 nan N10  41
20180831  767656 nan N10  41
20180831  767657 nan N10  41
20180831  767658 nan N10  41
20180831  767659 nan N10  41
20180831  767660 nan N10  41
20180831  767661 nan N10  41
20180831  767662 nan N10  41
20180831  767663 nan N10  41
20180831  767664 nan N10  41
20180831  767665 nan N10  41
20180831  767666 nan N10  41
20180831  767667 nan N10  41
20180831  767668 nan N10  41
20180831  767669 nan N10  41
20180831  767670 nan N10  41
20180831  767671 nan N10  41
20180831  767672 nan N10  41
20180831  767673 nan N10  41
20180831  767674 nan N10  41
20180831  767675 nan N10  41
20180831  767676 nan N10  41
20180831  767677 nan N10  41
20180831  767678 nan N10  41
20180831  767679 nan N10  41
20180831  767680 nan N10  41
20180831  767681 nan N10  41
20180831  767682 nan N10  41
20180901  767813 nan N10  41
20180901  767814 nan N10  41
20180901  767815 nan N10  41
20180901  767816 nan N10  41
20180901  767817 nan N10  41
20180901  767818 nan N10  41
20180901  767819 nan N10  41
20180901  767820 nan N10  41
20180901  767821 nan N10  41
20180901  767822 nan N10  41
20180901  767823 nan N10  41
20180901  767824 nan N10  41
20180901  767825 nan N10  41
20180901  767826 nan N10  41
20180901  767827 nan N10  41
20180901  767828 nan N10  41
20180901  767829 nan N10  41
20180901  767830 nan N10  41
20180901  767831 nan N10  41
20180901  767832 nan N10  41
20180901  767833 nan N10  41
20180901  767834 nan N10  41
20180901  767835 nan N10  41
20180901  767836 nan N10  41
20180901  767837 nan N10  41
20180901  767838 nan N10  41
20180901  767839 nan N10  41
20180901  767840 nan N10  41
20180901  767841 nan N10  41
20180901  767842 nan N10  41
20180901  767843 nan N10  41
20180901  767844 nan N10  41
20180901  767845 nan N10  41
20180901  767846 nan N10  41
20180901  767847 nan N10  41
20180901  767848 nan N10  41
20180901  767849 nan N10  41
20180901  767850 nan N10  41
20180901  767851 nan N10  41
20180901  767852 nan N10  41
20180901  767853 nan N10  41
20180901  767854 nan N10  41
20180901  767855 nan N10  41
20180901  767856 nan N10  41
20180901  767857 nan N10  41
20180901  767858 nan N10  41
20180901  767859 nan N10  41
20180901  767860 nan N10  41
20180901  767861 nan N10  41
20180901  767862 nan N10  41
20180901  767863 nan N10  41
20180901  767864 nan N10  41
20180901  767865 nan N10  41
20180901  767866 nan N10  41
20180901  767867 nan N10  41
20180901  767868 nan N10  41
20180901  767869 nan N10  41
20180901  767870 nan N10  41
20180901  767871 nan N10  41
20180901  767872 nan N10  41
20180901  767873 nan N10  41
20180901  767874 nan N10  41
20180901  767875 nan N10  41
20180901  767876 nan N10  41
20180901  767877 nan N10  41
20180901  767878 nan N10  41
20180901  767879 nan N10  41
20180901  767880 nan N10  41
20180901  767881 nan N10  41
20180901  767882 nan N10  41
20180901  767883 nan N10  41
20180901  767884 nan N10  41
20180901  767885 nan N10  41
20180901  767886 nan N10  41
20180901  767887 nan N10  41
20180901  767888 nan N10  41
20180901  767889 nan N10  41
20180901  767890 nan N10  41
20180901  767891 nan N10  41
20180901  767892 nan N10  41
20180901  767893 nan N10  41
20180901  767894 nan N10  41
20180901  767895 nan N10  41
20180901  767896 nan N10  41
20180901  767897 nan N10  41
20180901  767898 nan N10  41
20180901  767899 nan N10  41
20180901  767900 nan N10  41
20180901  767901 nan N10  41
20180901  767902 nan N10  41
20180901  767903 nan N10  41
20180901  767904 nan N10  41
20180901  767905 nan N10  41
20180901  767906 nan N10  41
20180901  767907 nan N10  41
20180901  767908 nan N10  41
20180901  767909 nan N10  41
20180901  767910 nan N10  41
20180901  767911 nan N10  41
20180901  767912 nan N10  41
20180901  767913 nan N10  41
20180901  767914 nan N10  41
20180901  767915 nan N10  41
20180901  767916 nan N10  41
20180901  767917 nan N10  41
20180901  767918 nan N10  41
20180901  767919 nan N10  41
20180901  767920 nan N10  41
20180901  767921 nan N10  41
20180901  767922 nan N10  41
20180901  767923 nan N10  41
20180901  767924 nan N10  41
20180901  767925 nan N10  41
20180901  767926 nan N10  41
20180901  767927 nan N10  41
20180901  767928 nan N10  41
20180901  767929 nan N10  41
20180901  767930 nan N10  41
20180901  767931 nan N10  41
20180901  767932 nan N10  41
20180901  767933 nan N10  41
20180901  767934 nan N10  41
20180901  767935 nan N10  41
20180901  767936 nan N10  41
20180901  767937 nan N10  41
20180901  767938 nan N10  41
20180901  767939 nan N10  41
20180901  767940 nan N10  41
20180901  767941 nan N10  41
20180901  767942 nan N10  41
20180901  767943 nan N10  41
20180901  767944 nan N10  41
20180901  767945 nan N10  41
20180901  767946 nan N10  41
20180901  767947 nan N10  41
20180901  767948 nan N10  41
20180901  767949 nan N10  41
20180901  767950 nan N10  41
20180901  767951 nan N10  41
20180901  767952 nan N10  41
20180901  767953 nan N10  41
20180901  767954 nan N10  41
20180901  767955 nan N10  41
20180901  767956 nan N10  41
20180901  767957 nan N10  41
20180901  767958 nan N10  41
20180901  767959 nan N10  41
20180901  767960 nan N10  41
20180901  767961 nan N10  41
20180901  767962 nan N10  41
20180901  767963 nan N10  41
20180901  767964 nan N10  41
20180901  767965 nan N10  41
20180901  767966 nan N10  41
20180901  767967 nan N10  41
20180901  767968 nan N10  41
20180901  767969 nan N10  41
20180901  767970 nan N10  41
20180901  767971 nan N10  41
20180901  767972 nan N10  41
20180901  767973 nan N10  41
20180901  767974 nan N10  41
20180901  767975 nan N10  41
20180901  767976 nan N10  41
20180901  767977 nan N10  41
20180901  767978 nan N10  41
20180901  767979 nan N10  41
20180901  767980 nan N10  41
20180901  767981 nan N10  41
20180901  767982 nan N10  41
20180901  767983 nan N10  41
20180901  767984 nan N10  41
20180901  767985 nan N10  41
20180901  767986 nan N10  41
20180901  767987 nan N10  41
20180901  767988 nan N10  41
20180901  767989 nan N10  41
20180901  767990 nan N10  41
20180901  767991 nan N10  41
20180901  767992 nan N10  41
20180901  767993 nan N10  41
20180901  767994 nan N10  41
20180901  767995 nan N10  41
20180901  767996 nan N10  41
20180901  767997 nan N10  41
20180901  767998 nan N10  41
20180901  767999 nan N10  41
20180901  768000 nan N10  41
20180901  768001 nan N10  41
20180901  768002 nan N10  41
20180901  768003 nan N10  41
20180901  768004 nan N10  41
20180901  768005 nan N10  41
20180901  768006 nan N10  41
20180901  768007 nan N10  41
20180901  768008 nan N10  41
20180901  768009 nan N10  41
20180901  768010 nan N10  41
20180901  768011 nan N10  41
20180901  768012 nan N10  41
20180901  768013 nan N10  41
20180901  768014 nan N10  41
20180901  768015 nan N10  41
20180901  768016 nan N10  41
20180901  768017 nan N10  41
20180901  768018 nan N10  41
20180901  768019 nan N10  41
20180901  768020 nan N10  41
20180901  768021 nan N10  41
20180901  768022 nan N10  41
20180901  768023 nan N10  41
20180901  768024 nan N10  41
20180901  768025 nan N10  41
20180901  768026 nan N10  41
20180901  768027 nan N10  41
20180901  768028 nan N10  41
20180901  768029 nan N10  41
20180901  768030 nan N10  41
20180901  768031 nan N10  41
20180901  768032 nan N10  41
20180901  768033 nan N10  41
20180901  768034 nan N10  41
20180901  768035 nan N10  41
20180901  768036 nan N10  41
20180901  768037 nan N10  41
20180901  768038 nan N10  41
20180901  768039 nan N10  41
20180901  768040 nan N10  41
20180901  768041 nan N10  41
20180901  768042 nan N10  41
20180901  768043 nan N10  41
20180901  768044 nan N10  41
20180901  768045 nan N10  41
20180901  768046 nan N10  41
20180901  768047 nan N10  41
20180901  768048 nan N10  41
20180901  768049 nan N10  41
20180901  768050 nan N10  41
20180901  768051 nan N10  41
20180901  768052 nan N10  41
20180901  768053 nan N10  41
20180901  768054 nan N10  41
20180901  768055 nan N10  41
20180901  768056 nan N10  41
20180901  768057 nan N10  41
20180901  768058 nan N10  41
20180901  768059 nan N10  41
20180901  768060 nan N10  41
20180901  768061 nan N10  41
20180901  768062 nan N10  41
20180901  768063 nan N10  41
20180901  768064 nan N10  41
20180901  768065 nan N10  41
20180901  768066 nan N10  41
20180901  768067 nan N10  41
20180901  768068 nan N10  41
20180901  768069 nan N10  41
20180901  768070 nan N10  41
20180901  768071 nan N10  41
20180901  768072 nan N10  41
20180901  768073 nan N10  41
20180901  768074 nan N10  41
20180901  768075 nan N10  41
20180901  768076 nan N10  41
20180901  768077 nan N10  41
20180901  768078 nan N10  41
20180902  768218 nan N10  41
20180902  768219 nan N10  41
20180902  768220 nan N10  41
20180902  768221 nan N10  41
20180902  768222 nan N10  41
20180902  768223 nan N10  41
20180902  768224 nan N10  41
20180902  768225 nan N10  41
20180902  768226 nan N10  41
20180902  768227 nan N10  41
20180902  768228 nan N10  41
20180902  768229 nan N10  41
20180902  768230 nan N10  41
20180902  768231 nan N10  41
20180902  768232 nan N10  41
20180902  768233 nan N10  41
20180902  768234 nan N10  41
20180902  768235 nan N10  41
20180902  768236 nan N10  41
20180902  768237 nan N10  41
20180902  768238 nan N10  41
20180902  768239 nan N10  41
20180902  768240 nan N10  41
20180902  768241 nan N10  41
20180902  768242 nan N10  41
20180902  768243 nan N10  41
20180902  768244 nan N10  41
20180902  768245 nan N10  41
20180902  768246 nan N10  41
20180902  768247 nan N10  41
20180902  768248 nan N10  41
20180902  768249 nan N10  41
20180902  768250 nan N10  41
20180902  768251 nan N10  41
20180902  768252 nan N10  41
20180902  768253 nan N10  41
20180902  768254 nan N10  41
20180902  768255 nan N10  41
20180902  768256 nan N10  41
20180902  768257 nan N10  41
20180902  768258 nan N10  41
20180902  768259 nan N10  41
20180902  768260 nan N10  41
20180902  768261 nan N10  41
20180902  768262 nan N10  41
20180902  768263 nan N10  41
20180902  768264 nan N10  41
20180902  768265 nan N10  41
20180902  768266 nan N10  41
20180902  768267 nan N10  41
20180902  768268 nan N10  41
20180902  768269 nan N10  41
20180902  768270 nan N10  41
20180902  768271 nan N10  41
20180902  768272 nan N10  41
20180902  768273 nan N10  41
20180902  768274 nan N10  41
20180902  768275 nan N10  41
20180902  768276 nan N10  41
20180902  768277 nan N10  41
20180902  768278 nan N10  41
20180902  768279 nan N10  41
20180902  768280 nan N10  41
20180902  768281 nan N10  41
20180902  768282 nan N10  41
20180902  768283 nan N10  41
20180902  768284 nan N10  41
20180902  768285 nan N10  41
20180902  768286 nan N10  41
20180902  768287 nan N10  41
20180902  768288 nan N10  41
20180902  768289 nan N10  41
20180902  768290 nan N10  41
20180902  768291 nan N10  41
20180902  768292 nan N10  41
20180902  768293 nan N10  41
20180902  768294 nan N10  41
20180902  768295 nan N10  41
20180902  768296 nan N10  41
20180902  768297 nan N10  41
20180902  768298 nan N10  41
20180902  768299 nan N10  41
20180902  768300 nan N10  41
20180902  768301 nan N10  41
20180902  768302 nan N10  41
20180902  768303 nan N10  41
20180902  768304 nan N10  41
20180902  768305 nan N10  41
20180902  768306 nan N10  41
20180902  768307 nan N10  41
20180902  768308 nan N10  41
20180902  768309 nan N10  41
20180902  768310 nan N10  41
20180902  768311 nan N10  41
20180902  768312 nan N10  41
20180902  768313 nan N10  41
20180902  768314 nan N10  41
20180902  768315 nan N10  41
20180902  768316 nan N10  41
20180902  768317 nan N10  41
20180902  768318 nan N10  41
20180902  768319 nan N10  41
20180902  768320 nan N10  41
20180902  768321 nan N10  41
20180902  768322 nan N10  41
20180902  768323 nan N10  41
20180902  768324 nan N10  41
20180902  768325 nan N10  41
20180902  768326 nan N10  41
20180902  768327 nan N10  41
20180902  768328 nan N10  41
20180902  768329 nan N10  41
20180902  768330 nan N10  41
20180902  768331 nan N10  41
20180902  768332 nan N10  41
20180902  768333 nan N10  41
20180902  768334 nan N10  41
20180902  768335 nan N10  41
20180902  768336 nan N10  41
20180902  768337 nan N10  41
20180902  768338 nan N10  41
20180902  768339 nan N10  41
20180902  768340 nan N10  41
20180902  768341 nan N10  41
20180902  768342 nan N10  41
20180902  768343 nan N10  41
20180902  768344 nan N10  41
20180902  768345 nan N10  41
20180902  768346 nan N10  41
20180902  768347 nan N10  41
20180902  768348 nan N10  41
20180902  768349 nan N10  41
20180902  768350 nan N10  41
20180902  768351 nan N10  41
20180902  768352 nan N10  41
20180902  768353 nan N10  41
20180902  768354 nan N10  41
20180902  768355 nan N10  41
20180902  768356 nan N10  41
20180902  768357 nan N10  41
20180902  768358 nan N10  41
20180902  768359 nan N10  41
20180902  768360 nan N10  41
20180902  768361 nan N10  41
20180902  768362 nan N10  41
20180902  768363 nan N10  41
20180902  768364 nan N10  41
20180902  768365 nan N10  41
20180902  768366 nan N10  41
20180902  768367 nan N10  41
20180902  768368 nan N10  41
20180902  768369 nan N10  41
20180902  768370 nan N10  41
20180902  768371 nan N10  41
20180902  768372 nan N10  41
20180902  768373 nan N10  41
20180902  768374 nan N10  41
20180902  768375 nan N10  41
20180902  768376 nan N10  41
20180902  768377 nan N10  41
20180902  768378 nan N10  41
20180902  768379 nan N10  41
20180902  768380 nan N10  41
20180902  768381 nan N10  41
20180902  768382 nan N10  41
20180902  768383 nan N10  41
20180902  768384 nan N10  41
20180902  768385 nan N10  41
20180902  768386 nan N10  41
20180902  768387 nan N10  41
20180902  768388 nan N10  41
20180902  768389 nan N10  41
20180902  768390 nan N10  41
20180902  768391 nan N10  41
20180902  768392 nan N10  41
20180902  768393 nan N10  41
20180902  768394 nan N10  41
20180902  768395 nan N10  41
20180902  768396 nan N10  41
20180902  768397 nan N10  41
20180902  768398 nan N10  41
20180902  768399 nan N10  41
20180902  768400 nan N10  41
20180902  768401 nan N10  41
20180902  768402 nan N10  41
20180902  768403 nan N10  41
20180902  768404 nan N10  41
20180902  768405 nan N10  41
20180902  768406 nan N10  41
20180902  768407 nan N10  41
20180902  768408 nan N10  41
20180902  768409 nan N10  41
20180902  768410 nan N10  41
20180902  768411 nan N10  41
20180902  768412 nan N10  41
20180902  768413 nan N10  41
20180902  768414 nan N10  41
20180902  768415 nan N10  41
20180902  768416 nan N10  41
20180902  768417 nan N10  41
20180902  768418 nan N10  41
20180902  768419 nan N10  41
20180902  768420 nan N10  41
20180902  768421 nan N10  41
20180902  768422 nan N10  41
20180902  768423 nan N10  41
20180902  768424 nan N10  41
20180902  768425 nan N10  41
20180902  768426 nan N10  41
20180902  768427 nan N10  41
20180902  768428 nan N10  41
20180902  768429 nan N10  41
20180902  768430 nan N10  41
20180902  768431 nan N10  41
20180902  768432 nan N10  41
20180902  768433 nan N10  41
20180902  768434 nan N10  41
20180902  768435 nan N10  41
20180902  768436 nan N10  41
20180902  768437 nan N10  41
20180902  768438 nan N10  41
20180902  768439 nan N10  41
20180902  768440 nan N10  41
20180902  768441 nan N10  41
20180902  768442 nan N10  41
20180902  768443 nan N10  41
20180902  768444 nan N10  41
20180902  768445 nan N10  41
20180902  768446 nan N10  41
20180902  768447 nan N10  41
20180902  768448 nan N10  41
20180902  768449 nan N10  41
20180902  768450 nan N10  41
20180902  768451 nan N10  41
20180902  768452 nan N10  41
20180902  768453 nan N10  41
20180902  768454 nan N10  41
20180902  768455 nan N10  41
20180902  768456 nan N10  41
20180902  768457 nan N10  41
20180902  768458 nan N10  41
20180902  768459 nan N10  41
20180902  768460 nan N10  41
20180902  768461 nan N10  41
20180902  768462 nan N10  41
20180902  768463 nan N10  41
20180902  768464 nan N10  41
20180902  768465 nan N10  41
20180902  768466 nan N10  41
20180902  768467 nan N10  41
20180902  768468 nan N10  41
20180902  768469 nan N10  41
20180902  768470 nan N10  41
20180902  768471 nan N10  41
20180902  768472 nan N10  41
20180902  768473 nan N10  41
20180902  768474 nan N10  41
20180902  768475 nan N10  41
20180902  768476 nan N10  41
20180902  768477 nan N10  41
20180902  768478 nan N10  41
20180902  768479 nan N10  41
20180902  768480 nan N10  41
20180902  768481 nan N10  41
20180902  768482 nan N10  41
20180902  768483 nan N10  41
20180902  768484 nan N10  41
20180902  768485 nan N10  41
20180902  768486 nan N10  41
20180902  768487 nan N10  41
20180902  768488 nan N10  41
20180902  768489 nan N10  41
20180902  768490 nan N10  41
20180902  768491 nan N10  41
20180902  768492 nan N10  41
20180902  768493 nan N10  41
20180902  768494 nan N10  41
20180902  768495 nan N10  41
20180902  768496 nan N10  41
20180902  768497 nan N10  41
20180902  768498 nan N10  41
20180902  768500 nan N10  41
20180902  768501 nan N10  41
20180903  768632 nan N10  41
20180903  768633 nan N10  41
20180903  768634 nan N10  41
20180903  768635 nan N10  41
20180903  768636 nan N10  41
20180903  768637 nan N10  41
20180903  768638 nan N10  41
20180903  768639 nan N10  41
20180903  768640 nan N10  41
20180903  768641 nan N10  41
20180903  768642 nan N10  41
20180903  768643 nan N10  41
20180903  768644 nan N10  41
20180903  768645 nan N10  41
20180903  768646 nan N10  41
20180903  768647 nan N10  41
20180903  768648 nan N10  41
20180903  768649 nan N10  41
20180903  768650 nan N10  41
20180903  768651 nan N10  41
20180903  768652 nan N10  41
20180903  768653 nan N10  41
20180903  768654 nan N10  41
20180903  768655 nan N10  41
20180903  768656 nan N10  41
20180903  768657 nan N10  41
20180903  768658 nan N10  41
20180903  768659 nan N10  41
20180903  768660 nan N10  41
20180903  768661 nan N10  41
20180903  768662 nan N10  41
20180903  768663 nan N10  41
20180903  768664 nan N10  41
20180903  768665 nan N10  41
20180903  768666 nan N10  41
20180903  768667 nan N10  41
20180903  768668 nan N10  41
20180903  768669 nan N10  41
20180903  768670 nan N10  41
20180903  768671 nan N10  41
20180903  768672 nan N10  41
20180903  768673 nan N10  41
20180903  768674 nan N10  41
20180903  768675 nan N10  41
20180903  768676 nan N10  41
20180903  768677 nan N10  41
20180903  768678 nan N10  41
20180903  768679 nan N10  41
20180903  768680 nan N10  41
20180903  768681 nan N10  41
20180903  768682 nan N10  41
20180903  768683 nan N10  41
20180903  768684 nan N10  41
20180903  768685 nan N10  41
20180903  768686 nan N10  41
20180903  768687 nan N10  41
20180903  768688 nan N10  41
20180903  768689 nan N10  41
20180903  768690 nan N10  41
20180903  768691 nan N10  41
20180903  768692 nan N10  41
20180903  768693 nan N10  41
20180903  768694 nan N10  41
20180903  768695 nan N10  41
20180903  768696 nan N10  41
20180903  768697 nan N10  41
20180903  768698 nan N10  41
20180903  768699 nan N10  41
20180903  768700 nan N10  41
20180903  768701 nan N10  41
20180903  768702 nan N10  41
20180903  768703 nan N10  41
20180903  768704 nan N10  41
20180903  768705 nan N10  41
20180903  768706 nan N10  41
20180903  768707 nan N10  41
20180903  768708 nan N10  41
20180903  768709 nan N10  41
20180903  768710 nan N10  41
20180903  768711 nan N10  41
20180903  768712 nan N10  41
20180903  768713 nan N10  41
20180903  768714 nan N10  41
20180903  768715 nan N10  41
20180903  768716 nan N10  41
20180903  768717 nan N10  41
20180903  768718 nan N10  41
20180903  768719 nan N10  41
20180903  768720 nan N10  41
20180903  768721 nan N10  41
20180903  768722 nan N10  41
20180903  768723 nan N10  41
20180903  768724 nan N10  41
20180903  768725 nan N10  41
20180903  768726 nan N10  41
20180903  768727 nan N10  41
20180903  768728 nan N10  41
20180903  768729 nan N10  41
20180903  768730 nan N10  41
20180903  768731 nan N10  41
20180903  768732 nan N10  41
20180903  768733 nan N10  41
20180903  768734 nan N10  41
20180903  768735 nan N10  41
20180903  768736 nan N10  41
20180903  768737 nan N10  41
20180903  768738 nan N10  41
20180903  768739 nan N10  41
20180903  768740 nan N10  41
20180903  768741 nan N10  41
20180903  768742 nan N10  41
20180903  768743 nan N10  41
20180903  768744 nan N10  41
20180903  768745 nan N10  41
20180903  768746 nan N10  41
20180903  768747 nan N10  41
20180903  768748 nan N10  41
20180903  768749 nan N10  41
20180903  768750 nan N10  41
20180903  768751 nan N10  41
20180903  768752 nan N10  41
20180903  768753 nan N10  41
20180903  768754 nan N10  41
20180903  768755 nan N10  41
20180903  768756 nan N10  41
20180903  768757 nan N10  41
20180903  768758 nan N10  41
20180903  768759 nan N10  41
20180903  768760 nan N10  41
20180903  768761 nan N10  41
20180903  768762 nan N10  41
20180903  768763 nan N10  41
20180903  768764 nan N10  41
20180903  768765 nan N10  41
20180903  768766 nan N10  41
20180903  768767 nan N10  41
20180903  768768 nan N10  41
20180903  768769 nan N10  41
20180903  768770 nan N10  41
20180903  768771 nan N10  41
20180903  768772 nan N10  41
20180903  768773 nan N10  41
20180903  768774 nan N10  41
20180903  768775 nan N10  41
20180903  768776 nan N10  41
20180903  768777 nan N10  41
20180903  768778 nan N10  41
20180903  768779 nan N10  41
20180903  768780 nan N10  41
20180903  768781 nan N10  41
20180903  768782 nan N10  41
20180903  768783 nan N10  41
20180903  768784 nan N10  41
20180903  768785 nan N10  41
20180903  768786 nan N10  41
20180903  768787 nan N10  41
20180903  768788 nan N10  41
20180903  768789 nan N10  41
20180903  768790 nan N10  41
20180903  768791 nan N10  41
20180903  768792 nan N10  41
20180903  768793 nan N10  41
20180903  768794 nan N10  41
20180903  768795 nan N10  41
20180903  768796 nan N10  41
20180903  768797 nan N10  41
20180903  768798 nan N10  41
20180903  768799 nan N10  41
20180903  768800 nan N10  41
20180903  768801 nan N10  41
20180903  768802 nan N10  41
20180903  768803 nan N10  41
20180903  768804 nan N10  41
20180903  768805 nan N10  41
20180903  768806 nan N10  41
20180903  768807 nan N10  41
20180903  768808 nan N10  41
20180903  768809 nan N10  41
20180903  768810 nan N10  41
20180903  768811 nan N10  41
20180903  768812 nan N10  41
20180903  768813 nan N10  41
20180903  768814 nan N10  41
20180903  768815 nan N10  41
20180903  768816 nan N10  41
20180903  768817 nan N10  41
20180903  768818 nan N10  41
20180903  768819 nan N10  41
20180903  768820 nan N10  41
20180903  768821 nan N10  41
20180903  768822 nan N10  41
20180903  768823 nan N10  41
20180903  768824 nan N10  41
20180903  768825 nan N10  41
20180903  768826 nan N10  41
20180903  768827 nan N10  41
20180903  768828 nan N10  41
20180903  768829 nan N10  41
20180903  768830 nan N10  41
20180903  768831 nan N10  41
20180903  768832 nan N10  41
20180903  768833 nan N10  41
20180903  768834 nan N10  41
20180903  768835 nan N10  41
20180903  768836 nan N10  41
20180903  768837 nan N10  41
20180903  768838 nan N10  41
20180903  768839 nan N10  41
20180903  768840 nan N10  41
20180903  768841 nan N10  41
20180903  768842 nan N10  41
20180903  768843 nan N10  41
20180903  768844 nan N10  41
20180903  768845 nan N10  41
20180903  768846 nan N10  41
20180903  768847 nan N10  41
20180903  768848 nan N10  41
20180903  768849 nan N10  41
20180903  768850 nan N10  41
20180903  768851 nan N10  41
20180903  768852 nan N10  41
20180903  768853 nan N10  41
20180903  768854 nan N10  41
20180903  768855 nan N10  41
20180903  768856 nan N10  41
20180903  768857 nan N10  41
20180903  768858 nan N10  41
20180903  768859 nan N10  41
20180903  768860 nan N10  41
20180903  768861 nan N10  41
20180903  768862 nan N10  41
20180903  768863 nan N10  41
20180903  768864 nan N10  41
20180903  768865 nan N10  41
20180903  768866 nan N10  41
20180903  768867 nan N10  41
20180903  768868 nan N10  41
20180903  768869 nan N10  41
20180903  768870 nan N10  41
20180903  768871 nan N10  41
20180903  768872 nan N10  41
20180903  768873 nan N10  41
20180903  768874 nan N10  41
20180903  768875 nan N10  41
20180903  768876 nan N10  41
20180903  768877 nan N10  41
20180903  768878 nan N10  41
20180903  768879 nan N10  41
20180903  768880 nan N10  41
20180903  768881 nan N10  41
20180903  768882 nan N10  41
20180903  768883 nan N10  41
20180903  768884 nan N10  41
20180903  768885 nan N10  41
20180903  768886 nan N10  41
20180903  768887 nan N10  41
20180903  768888 nan N10  41
20180903  768889 nan N10  41
20180903  768890 nan N10  41
20180903  768891 nan N10  41
20180903  768892 nan N10  41
20180903  768893 nan N10  41
20180903  768894 nan N10  41
20180903  768895 nan N10  41
20180903  768896 nan N10  41
20180903  768897 nan N10  41
20180903  768898 nan N10  41
20180903  768899 nan N10  41
20180903  768900 nan N10  41
20180904  768931 nan N10  41
20180904  768932 nan N10  41
20180904  768933 nan N10  41
20180904  768934 nan N10  41
20180904  768935 nan N10  41
20180904  768936 nan N10  41
20180904  768937 nan N10  41
20180904  768938 nan N10  41
20180904  768939 nan N10  41
20180904  768940 nan N10  41
20180904  768941 nan N10  41
20180904  768942 nan N10  41
20180904  768943 nan N10  41
20180904  768944 nan N10  41
20180904  768945 nan N10  41
20180904  768946 nan N10  41
20180904  768947 nan N10  41
20180904  768948 nan N10  41
20180904  768949 nan N10  41
20180904  768950 nan N10  41
20180904  768951 nan N10  41
20180904  768952 nan N10  41
20180904  768953 nan N10  41
20180904  768954 nan N10  41
20180904  768955 nan N10  41
20180904  768956 nan N10  41
20180904  768957 nan N10  41
20180904  768958 nan N10  41
20180904  768959 nan N10  41
20180904  768960 nan N10  41
20180904  768961 nan N10  41
20180904  768962 nan N10  41
20180904  768963 nan N10  41
20180904  768964 nan N10  41
20180904  768965 nan N10  41
20180904  768966 nan N10  41
20180904  768967 nan N10  41
20180904  768968 nan N10  41
20180904  768969 nan N10  41
20180904  768970 nan N10  41
20180904  768971 nan N10  41
20180904  768972 nan N10  41
20180904  768973 nan N10  41
20180904  768974 nan N10  41
20180904  768975 nan N10  41
20180904  768976 nan N10  41
20180904  768977 nan N10  41
20180904  768978 nan N10  41
20180904  768979 nan N10  41
20180904  768980 nan N10  41
20180904  768981 nan N10  41
20180904  768982 nan N10  41
20180904  768983 nan N10  41
20180904  768984 nan N10  41
20180904  768985 nan N10  41
20180904  768986 nan N10  41
20180904  768987 nan N10  41
20180904  768988 nan N10  41
20180904  768989 nan N10  41
20180904  768990 nan N10  41
20180904  768992 nan N10  41
20180904  768993 nan N10  41
20180904  768994 nan N10  41
20180904  768995 nan N10  41
20180904  768996 nan N10  41
20180904  768997 nan N10  41
20180904  768998 nan N10  41
20180904  768999 nan N10  41
20180904  769000 nan N10  41
20180904  769001 nan N10  41
20180904  769002 nan N10  41
20180904  769003 nan N10  41
20180904  769004 nan N10  41
20180904  769005 nan N10  41
20180904  769006 nan N10  41
20180904  769007 nan N10  41
20180904  769008 nan N10  41
20180904  769009 nan N10  41
20180904  769010 nan N10  41
20180904  769011 nan N10  41
20180904  769012 nan N10  41
20180904  769013 nan N10  41
20180904  769014 nan N10  41
20180904  769015 nan N10  41
20180904  769016 nan N10  41
20180904  769017 nan N10  41
20180904  769018 nan N10  41
20180904  769019 nan N10  41
20180904  769020 nan N10  41
20180904  769021 nan N10  41
20180904  769022 nan N10  41
20180904  769023 nan N10  41
20180904  769024 nan N10  41
20180904  769025 nan N10  41
20180904  769026 nan N10  41
20180904  769027 nan N10  41
20180904  769028 nan N10  41
20180904  769029 nan N10  41
20180904  769030 nan N10  41
20180904  769031 nan N10  41
20180904  769032 nan N10  41
20180904  769033 nan N10  41
20180904  769034 nan N10  41
20180904  769035 nan N10  41
20180904  769036 nan N10  41
20180904  769037 nan N10  41
20180904  769038 nan N10  41
20180904  769039 nan N10  41
20180904  769040 nan N10  41
20180904  769041 nan N10  41
20180904  769042 nan N10  41
20180904  769043 nan N10  41
20180904  769044 nan N10  41
20180904  769045 nan N10  41
20180904  769046 nan N10  41
20180904  769047 nan N10  41
20180904  769048 nan N10  41
20180904  769049 nan N10  41
20180904  769050 nan N10  41
20180904  769051 nan N10  41
20180904  769052 nan N10  41
20180904  769053 nan N10  41
20180904  769054 nan N10  41
20180904  769055 nan N10  41
20180904  769056 nan N10  41
20180904  769057 nan N10  41
20180904  769058 nan N10  41
20180904  769059 nan N10  41
20180904  769060 nan N10  41
20180904  769061 nan N10  41
20180904  769062 nan N10  41
20180904  769063 nan N10  41
20180904  769064 nan N10  41
20180904  769065 nan N10  41
20180904  769066 nan N10  41
20180904  769067 nan N10  41
20180904  769068 nan N10  41
20180904  769069 nan N10  41
20180904  769070 nan N10  41
20180904  769071 nan N10  41
20180904  769072 nan N10  41
20180904  769073 nan N10  41
20180904  769074 nan N10  41
20180904  769075 nan N10  41
20180904  769076 nan N10  41
20180904  769077 nan N10  41
20180904  769078 nan N10  41
20180904  769079 nan N10  41
20180904  769080 nan N10  41
20180904  769081 nan N10  41
20180904  769082 nan N10  41
20180904  769083 nan N10  41
20180904  769084 nan N10  41
20180904  769085 nan N10  41
20180904  769086 nan N10  41
20180904  769087 nan N10  41
20180904  769088 nan N10  41
20180904  769089 nan N10  41
20180904  769090 nan N10  41
20180904  769091 nan N10  41
20180904  769092 nan N10  41
20180904  769093 nan N10  41
20180904  769094 nan N10  41
20180904  769095 nan N10  41
20180904  769096 nan N10  41
20180904  769097 nan N10  41
20180904  769098 nan N10  41
20180904  769099 nan N10  41
20180904  769100 nan N10  41
20180904  769101 nan N10  41
20180904  769102 nan N10  41
20180904  769103 nan N10  41
20180904  769104 nan N10  41
20180904  769105 nan N10  41
20180904  769106 nan N10  41
20180904  769107 nan N10  41
20180904  769108 nan N10  41
20180904  769109 nan N10  41
20180904  769110 nan N10  41
20180904  769111 nan N10  41
20180904  769112 nan N10  41
20180904  769113 nan N10  41
20180904  769114 nan N10  41
20180904  769115 nan N10  41
20180904  769116 nan N10  41
20180904  769117 nan N10  41
20180904  769118 nan N10  41
20180904  769119 nan N10  41
20180904  769120 nan N10  41
20180904  769121 nan N10  41
20180904  769122 nan N10  41
20180904  769123 nan N10  41
20180904  769124 nan N10  41
20180904  769125 nan N10  41
20180904  769126 nan N10  41
20180904  769127 nan N10  41
20180904  769128 nan N10  41
20180904  769129 nan N10  41
20180904  769130 nan N10  41
20180904  769131 nan N10  41
20180904  769132 nan N10  41
20180904  769133 nan N10  41
20180904  769134 nan N10  41
20180904  769135 nan N10  41
20180904  769136 nan N10  41
20180904  769137 nan N10  41
20180904  769138 nan N10  41
20180904  769139 nan N10  41
20180904  769140 nan N10  41
20180904  769141 nan N10  41
20180904  769142 nan N10  41
20180904  769143 nan N10  41
20180904  769144 nan N10  41
20180904  769145 nan N10  41
20180904  769146 nan N10  41
20180904  769147 nan N10  41
20180904  769148 nan N10  41
20180904  769149 nan N10  41
20180904  769150 nan N10  41
20180904  769151 nan N10  41
20180904  769152 nan N10  41
20180904  769153 nan N10  41
20180904  769154 nan N10  41
20180904  769155 nan N10  41
20180904  769156 nan N10  41
20180904  769157 nan N10  41
20180904  769158 nan N10  41
20180904  769159 nan N10  41
20180904  769160 nan N10  41
20180904  769161 nan N10  41
20180904  769162 nan N10  41
20180904  769163 nan N10  41
20180904  769164 nan N10  41
20180904  769165 nan N10  41
20180904  769166 nan N10  41
20180904  769167 nan N10  41
20180904  769168 nan N10  41
20180904  769169 nan N10  41
20180904  769170 nan N10  41
20180904  769171 nan N10  41
20180904  769172 nan N10  41
20180904  769173 nan N10  41
20180904  769174 nan N10  41
20180904  769175 nan N10  41
20180904  769176 nan N10  41
20180904  769177 nan N10  41
20180904  769178 nan N10  41
20180904  769179 nan N10  41
20180904  769180 nan N10  41
20180904  769181 nan N10  41
20180904  769182 nan N10  41
20180904  769183 nan N10  41
20180904  769184 nan N10  41
20180904  769185 nan N10  41
20180904  769186 nan N10  41
20180904  769187 nan N10  41
20180904  769188 nan N10  41
20180904  769189 nan N10  41
20180904  769190 nan N10  41
20180904  769191 nan N10  41
20180904  769192 nan N10  41
20180904  769193 nan N10  41
20180904  769194 nan N10  41
20180904  769195 nan N10  41
20180904  769196 nan N10  41
20180904  769197 nan N10  41
20180904  769198 nan N10  41
20180904  769199 nan N10  41
20180904  769200 nan N10  41
20180904  769201 nan N10  41
20180904  769202 nan N10  41
20180904  769203 nan N10  41
20180904  769204 nan N10  41
20180904  769205 nan N10  41
20180904  769206 nan N10  41
20180904  769207 nan N10  41
20180904  769208 nan N10  41
20180904  769209 nan N10  41
20180904  769210 nan N10  41
20180904  769211 nan N10  41
20180904  769212 nan N10  41
20180904  769213 nan N10  41
20180904  769214 nan N10  41
20180904  769215 nan N10  41
20180904  769216 nan N10  41
20180904  769217 nan N10  41
20180904  769218 nan N10  41
20180904  769219 nan N10  41
20180904  769220 nan N10  41
20180904  769221 nan N10  41
20180904  769222 nan N10  41
20180904  769223 nan N10  41
20180904  769224 nan N10  41
20180904  769225 nan N10  41
20180904  769226 nan N10  41
20180904  769227 nan N10  41
20180904  769228 nan N10  41
20180904  769229 nan N10  41
20180904  769230 nan N10  41
20180904  769231 nan N10  41
20180904  769232 nan N10  41
20180904  769233 nan N10  41
20180904  769234 nan N10  41
20180904  769235 nan N10  41
20180904  769236 nan N10  41
20180904  769237 nan N10  41
20180904  769238 nan N10  41
20180904  769239 nan N10  41
20180904  769240 nan N10  41
20180904  769241 nan N10  41
20180904  769242 nan N10  41
20180904  769243 nan N10  41
20180904  769244 nan N10  41
20180904  769245 nan N10  41
20180904  769246 nan N10  41
20180904  769247 nan N10  41
20180904  769248 nan N10  41
20180904  769249 nan N10  41
20180904  769250 nan N10  41
20180904  769251 nan N10  41
20180904  769252 nan N10  41
20180904  769253 nan N10  41
20180904  769254 nan N10  41
20180904  769255 nan N10  41
20180904  769256 nan N10  41
20180904  769257 nan N10  41
20180904  769258 nan N10  41
20180904  769259 nan N10  41
20180904  769260 nan N10  41
20180904  769261 nan N10  41
20180904  769262 nan N10  41
20180904  769263 nan N10  41
20180904  769264 nan N10  41
20180904  769265 nan N10  41
20180904  769266 nan N10  41
20180904  769267 nan N10  41
20180904  769268 nan N10  41
20180904  769269 nan N10  41
20180904  769270 nan N10  41
20180904  769271 nan N10  41
20180904  769272 nan N10  41
20180904  769273 nan N10  41
20180904  769274 nan N10  41
20180904  769275 nan N10  41
20180904  769276 nan N10  41
20180904  769277 nan N10  41
20180904  769278 nan N10  41
20180904  769279 nan N10  41
20180904  769280 nan N10  41
20180904  769281 nan N10  41
20180904  769282 nan N10  41
20180904  769283 nan N10  41
20180904  769284 nan N10  41
20180908  771163 nan N10  41
20180908  771164 nan N10  41
20180908  771165 nan N10  41
20180908  771166 nan N10  41
20180908  771167 nan N10  41
20180908  771168 nan N10  41
20180908  771169 nan N10  41
20180908  771170 nan N10  41
20180908  771171 nan N10  41
20180908  771172 nan N10  41
20180908  771173 nan N10  41
20180908  771174 nan N10  41
20180908  771175 nan N10  41
20180908  771176 nan N10  41
20180908  771177 nan N10  41
20180908  771178 nan N10  41
20180908  771179 nan N10  41
20180908  771180 nan N10  41
20180908  771181 nan N10  41
20180908  771182 nan N10  41
20180908  771183 nan N10  41
20180908  771184 nan N10  41
20180908  771185 nan N10  41
20180908  771186 nan N10  41
20180908  771187 nan N10  41
20180908  771188 nan N10  41
20180908  771189 nan N10  41
20180908  771190 nan N10  41
20180908  771191 nan N10  41
20180908  771192 nan N10  41
20180908  771193 nan N10  41
20180908  771194 nan N10  41
20180908  771195 nan N10  41
20180908  771196 nan N10  41
20180908  771197 nan N10  41
20180908  771198 nan N10  41
20180908  771199 nan N10  41
20180908  771200 nan N10  41
20180908  771201 nan N10  41
20180908  771202 nan N10  41
20180908  771203 nan N10  41
20180908  771204 nan N10  41
20180908  771205 nan N10  41
20180908  771206 nan N10  41
20180908  771207 nan N10  41
20180908  771208 nan N10  41
20180908  771209 nan N10  41
20180908  771210 nan N10  41
20180908  771211 nan N10  41
20180908  771212 nan N10  41
20180908  771213 nan N10  41
20180908  771214 nan N10  41
20180908  771215 nan N10  41
20180908  771216 nan N10  41
20180908  771217 nan N10  41
20180909  771366 nan N10  41
20180909  771368 nan N10  41
20180909  771369 nan N10  41
20180909  771370 nan N10  41
20180909  771371 nan N10  41
20180909  771372 nan N10  41
20180909  771373 nan N10  41
20180909  771374 nan N10  41
20180909  771375 nan N10  41
20180909  771376 nan N10  41
20180909  771377 nan N10  41
20180909  771378 nan N10  41
20180909  771379 nan N10  41
20180909  771380 nan N10  41
20180909  771381 nan N10  41
20180909  771382 nan N10  41
20180909  771383 nan N10  41
20180909  771384 nan N10  41
20180909  771385 nan N10  41
20180909  771386 nan N10  41
20180909  771387 nan N10  41
20180909  771388 nan N10  41
20180909  771389 nan N10  41
20180909  771390 nan N10  41
20180909  771391 nan N10  41
20180909  771392 nan N10  41
20180909  771393 nan N10  41
20180909  771394 nan N10  41
20180909  771395 nan N10  41
20180909  771396 nan N10  41
20180909  771397 nan N10  41
20180909  771398 nan N10  41
20180909  771399 nan N10  41
20180909  771400 nan N10  41
20180909  771401 nan N10  41
20180909  771402 nan N10  41
20180909  771403 nan N10  41
20180909  771404 nan N10  41
20180909  771405 nan N10  41
20180909  771406 nan N10  41
20180909  771407 nan N10  41
20180909  771408 nan N10  41
20180909  771409 nan N10  41
20180909  771410 nan N10  41
20180909  771411 nan N10  41
20180909  771412 nan N10  41
20180909  771413 nan N10  41
20180909  771414 nan N10  41
20180909  771415 nan N10  41
20180909  771416 nan N10  41
20180909  771417 nan N10  41
20180909  771418 nan N10  41
20180909  771419 nan N10  41
20180909  771420 nan N10  41
20180909  771421 nan N10  41
20180909  771422 nan N10  41
20180909  771423 nan N10  41
20180909  771424 nan N10  41
20180909  771425 nan N10  41
20180909  771426 nan N10  41
20180909  771427 nan N10  41
20180909  771428 nan N10  41
20180909  771429 nan N10  41
20180909  771430 nan N10  41
20180909  771431 nan N10  41
20180909  771432 nan N10  41
20180909  771433 nan N10  41
20180909  771434 nan N10  41
20180909  771435 nan N10  41
20180909  771436 nan N10  41
20180909  771437 nan N10  41
20180909  771438 nan N10  41
20180909  771439 nan N10  41
20180909  771440 nan N10  41
20180909  771441 nan N10  41
20180909  771442 nan N10  41
20180909  771443 nan N10  41
20180909  771444 nan N10  41
20180909  771445 nan N10  41
20180909  771446 nan N10  41
20180909  771447 nan N10  41
20180909  771448 nan N10  41
20180909  771449 nan N10  41
20180909  771450 nan N10  41
20180909  771451 nan N10  41
20180909  771452 nan N10  41
20180909  771453 nan N10  41
20180909  771454 nan N10  41
20180909  771455 nan N10  41
20180909  771456 nan N10  41
20180909  771457 nan N10  41
20180909  771458 nan N10  41
20180909  771459 nan N10  41
20180909  771460 nan N10  41
20180909  771461 nan N10  41
20180909  771462 nan N10  41
20180909  771463 nan N10  41
20180909  771464 nan N10  41
20180909  771465 nan N10  41
20180909  771466 nan N10  41
20180909  771467 nan N10  41
20180909  771468 nan N10  41
20180909  771469 nan N10  41
20180909  771470 nan N10  41
20180909  771471 nan N10  41
20180909  771472 nan N10  41
20180909  771473 nan N10  41
20180909  771474 nan N10  41
20180909  771475 nan N10  41
20180909  771476 nan N10  41
20180909  771477 nan N10  41
20180909  771478 nan N10  41
20180909  771479 nan N10  41
20180909  771480 nan N10  41
20180909  771481 nan N10  41
20180909  771482 nan N10  41
20180909  771483 nan N10  41
20180909  771484 nan N10  41
20180909  771485 nan N10  41
20180909  771486 nan N10  41
20180909  771487 nan N10  41
20180909  771488 nan N10  41
20180909  771489 nan N10  41
20180909  771495 nan N10  41
20180909  771496 nan N10  41
20180909  771497 nan N10  41
20180909  771498 nan N10  41
20180909  771499 nan N10  41
20180909  771500 nan N10  41
20180909  771501 nan N10  41
20180909  771502 nan N10  41
20180909  771503 nan N10  41
20180909  771504 nan N10  41
20180909  771505 nan N10  41
20180909  771506 nan N10  41
20180909  771507 nan N10  41
20180909  771508 nan N10  41
20180909  771509 nan N10  41
20180909  771510 nan N10  41
20180909  771511 nan N10  41
20180909  771512 nan N10  41
20180909  771513 nan N10  41
20180909  771514 nan N10  41
20180909  771515 nan N10  41
20180909  771516 nan N10  41
20180909  771517 nan N10  41
20180909  771518 nan N10  41
20180909  771519 nan N10  41
20180909  771520 nan N10  41
20180909  771521 nan N10  41
20180909  771522 nan N10  41
20180909  771523 nan N10  41
20180909  771524 nan N10  41
20180909  771525 nan N10  41
20180909  771526 nan N10  41
20180909  771527 nan N10  41
20180909  771528 nan N10  41
20180909  771529 nan N10  41
20180909  771530 nan N10  41
20180909  771531 nan N10  41
20180909  771532 nan N10  41
20180909  771533 nan N10  41
20180909  771534 nan N10  41
20180909  771535 nan N10  41
20180909  771536 nan N10  41
20180909  771537 nan N10  41
20180909  771538 nan N10  41
20180909  771539 nan N10  41
20180909  771540 nan N10  41
20180909  771541 nan N10  41
20180909  771542 nan N10  41
20180909  771543 nan N10  41
20180909  771544 nan N10  41
20180909  771545 nan N10  41
20180909  771546 nan N10  41
20180909  771547 nan N10  41
20180909  771548 nan N10  41
20180909  771549 nan N10  41
20180909  771550 nan N10  41
20180909  771551 nan N10  41
20180909  771552 nan N10  41
20180909  771553 nan N10  41
20180909  771554 nan N10  41
20180909  771555 nan N10  41
20180909  771556 nan N10  41
20180909  771557 nan N10  41
20180909  771558 nan N10  41
20180909  771559 nan N10  41
20180909  771560 nan N10  41
20180909  771561 nan N10  41
20180909  771562 nan N10  41
20180909  771563 nan N10  41
20180909  771564 nan N10  41
20180909  771565 nan N10  41
20180909  771566 nan N10  41
20180909  771567 nan N10  41
20180909  771568 nan N10  41
20180909  771569 nan N10  41
20180909  771570 nan N10  41
20180909  771571 nan N10  41
20180909  771572 nan N10  41
20180909  771573 nan N10  41
20180909  771574 nan N10  41
20180909  771575 nan N10  41
20180909  771576 nan N10  41
20180909  771577 nan N10  41
20180909  771578 nan N10  41
20180909  771579 nan N10  41
20180909  771580 nan N10  41
20180909  771581 nan N10  41
20180909  771582 nan N10  41
20180909  771583 nan N10  41
20180909  771584 nan N10  41
20180909  771585 nan N10  41
20180909  771586 nan N10  41
20180909  771587 nan N10  41
20180909  771588 nan N10  41
20180909  771589 nan N10  41
20180909  771590 nan N10  41
20180909  771591 nan N10  41
20180909  771592 nan N10  41
20180909  771593 nan N10  41
20180909  771594 nan N10  41
20180909  771595 nan N10  41
20180909  771596 nan N10  41
20180909  771597 nan N10  41
20180909  771598 nan N10  41
20180909  771599 nan N10  41
20180909  771600 nan N10  41
20180909  771601 nan N10  41
20180909  771602 nan N10  41
20180909  771603 nan N10  41
20180909  771604 nan N10  41
20180909  771605 nan N10  41
20180909  771606 nan N10  41
20180909  771607 nan N10  41
20180909  771608 nan N10  41
20180909  771609 nan N10  41
20180909  771610 nan N10  41
20180909  771611 nan N10  41
20180909  771612 nan N10  41
20180909  771613 nan N10  41
20180909  771614 nan N10  41
20180909  771615 nan N10  41
20180909  771616 nan N10  41
20180909  771617 nan N10  41
20180909  771618 nan N10  41
20180909  771619 nan N10  41
20180909  771620 nan N10  41
20180909  771621 nan N10  41
20180909  771622 nan N10  41
20180909  771623 nan N10  41
20180909  771624 nan N10  41
20180909  771625 nan N10  41
20180909  771626 nan N10  41
20180909  771627 nan N10  41
20180909  771628 nan N10  41
20180909  771629 nan N10  41
20180909  771630 nan N10  41
20180910  771779 nan N10  41
20180910  771780 nan N10  41
20180910  771781 nan N10  41
20180910  771782 nan N10  41
20180910  771783 nan N10  41
20180910  771784 nan N10  41
20180910  771785 nan N10  41
20180910  771786 nan N10  41
20180910  771787 nan N10  41
20180910  771788 nan N10  41
20180910  771789 nan N10  41
20180910  771790 nan N10  41
20180910  771791 nan N10  41
20180910  771792 nan N10  41
20180910  771793 nan N10  41
20180910  771794 nan N10  41
20180910  771795 nan N10  41
20180910  771796 nan N10  41
20180910  771797 nan N10  41
20180910  771798 nan N10  41
20180910  771799 nan N10  41
20180910  771800 nan N10  41
20180910  771801 nan N10  41
20180910  771802 nan N10  41
20180910  771803 nan N10  41
20180910  771804 nan N10  41
20180910  771805 nan N10  41
20180910  771806 nan N10  41
20180910  771807 nan N10  41
20180910  771808 nan N10  41
20180910  771809 nan N10  41
20180910  771810 nan N10  41
20180910  771811 nan N10  41
20180910  771812 nan N10  41
20180910  771813 nan N10  41
20180910  771814 nan N10  41
20180910  771815 nan N10  41
20180910  771816 nan N10  41
20180910  771817 nan N10  41
20180910  771818 nan N10  41
20180910  771819 nan N10  41
20180910  771820 nan N10  41
20180910  771821 nan N10  41
20180910  771822 nan N10  41
20180910  771823 nan N10  41
20180910  771824 nan N10  41
20180910  771825 nan N10  41
20180910  771826 nan N10  41
20180910  771827 nan N10  41
20180910  771828 nan N10  41
20180910  771829 nan N10  41
20180910  771830 nan N10  41
20180910  771831 nan N10  41
20180910  771832 nan N10  41
20180910  771833 nan N10  41
20180910  771834 nan N10  41
20180910  771835 nan N10  41
20180910  771836 nan N10  41
20180910  771837 nan N10  41
20180910  771838 nan N10  41
20180910  771839 nan N10  41
20180910  771840 nan N10  41
20180910  771841 nan N10  41
20180910  771842 nan N10  41
20180910  771843 nan N10  41
20180910  771844 nan N10  41
20180910  771845 nan N10  41
20180910  771846 nan N10  41
20180910  771847 nan N10  41
20180910  771848 nan N10  41
20180910  771849 nan N10  41
20180910  771850 nan N10  41
20180910  771851 nan N10  41
20180910  771852 nan N10  41
20180910  771853 nan N10  41
20180910  771854 nan N10  41
20180910  771855 nan N10  41
20180910  771856 nan N10  41
20180910  771857 nan N10  41
20180910  771858 nan N10  41
20180910  771859 nan N10  41
20180910  771860 nan N10  41
20180910  771861 nan N10  41
20180910  771862 nan N10  41
20180910  771863 nan N10  41
20180910  771864 nan N10  41
20180910  771865 nan N10  41
20180910  771866 nan N10  41
20180910  771867 nan N10  41
20180910  771868 nan N10  41
20180910  771869 nan N10  41
20180910  771870 nan N10  41
20180910  771871 nan N10  41
20180910  771872 nan N10  41
20180910  771873 nan N10  41
20180910  771874 nan N10  41
20180910  771875 nan N10  41
20180910  771876 nan N10  41
20180910  771877 nan N10  41
20180910  771878 nan N10  41
20180910  771879 nan N10  41
20180910  771880 nan N10  41
20180910  771881 nan N10  41
20180910  771882 nan N10  41
20180910  771883 nan N10  41
20180910  771884 nan N10  41
20180910  771885 nan N10  41
20180910  771886 nan N10  41
20180910  771887 nan N10  41
20180910  771888 nan N10  41
20180910  771889 nan N10  41
20180910  771890 nan N10  41
20180910  771891 nan N10  41
20180910  771892 nan N10  41
20180910  771893 nan N10  41
20180910  771894 nan N10  41
20180910  771895 nan N10  41
20180910  771896 nan N10  41
20180910  771897 nan N10  41
20180910  771898 nan N10  41
20180910  771899 nan N10  41
20180910  771900 nan N10  41
20180910  771901 nan N10  41
20180910  771902 nan N10  41
20180910  771903 nan N10  41
20180910  771904 nan N10  41
20180910  771905 nan N10  41
20180910  771906 nan N10  41
20180910  771907 nan N10  41
20180910  771908 nan N10  41
20180910  771909 nan N10  41
20180910  771910 nan N10  41
20180910  771911 nan N10  41
20180910  771912 nan N10  41
20180910  771913 nan N10  41
20180910  771914 nan N10  41
20180910  771915 nan N10  41
20180910  771916 nan N10  41
20180910  771917 nan N10  41
20180910  771918 nan N10  41
20180910  771925 nan N10  41
20180910  771926 nan N10  41
20180910  771927 nan N10  41
20180910  771928 nan N10  41
20180910  771929 nan N10  41
20180910  771930 nan N10  41
20180910  771931 nan N10  41
20180910  771932 nan N10  41
20180910  771933 nan N10  41
20180910  771934 nan N10  41
20180910  771935 nan N10  41
20180910  771936 nan N10  41
20180910  771937 nan N10  41
20180910  771938 nan N10  41
20180910  771939 nan N10  41
20180910  771940 nan N10  41
20180910  771941 nan N10  41
20180910  771942 nan N10  41
20180910  771943 nan N10  41
20180910  771944 nan N10  41
20180910  771945 nan N10  41
20180910  771946 nan N10  41
20180910  771947 nan N10  41
20180910  771948 nan N10  41
20180910  771949 nan N10  41
20180910  771950 nan N10  41
20180910  771951 nan N10  41
20180910  771952 nan N10  41
20180910  771953 nan N10  41
20180910  771954 nan N10  41
20180910  771955 nan N10  41
20180910  771956 nan N10  41
20180910  771957 nan N10  41
20180910  771958 nan N10  41
20180910  771959 nan N10  41
20180910  771960 nan N10  41
20180910  771961 nan N10  41
20180910  771962 nan N10  41
20180910  771963 nan N10  41
20180910  771964 nan N10  41
20180910  771965 nan N10  41
20180910  771966 nan N10  41
20180910  771967 nan N10  41
20180910  771968 nan N10  41
20180910  771969 nan N10  41
20180910  771970 nan N10  41
20180910  771971 nan N10  41
20180910  771972 nan N10  41
20180910  771973 nan N10  41
20180910  771974 nan N10  41
20180910  771975 nan N10  41
20180910  771976 nan N10  41
20180910  771977 nan N10  41
20180910  771978 nan N10  41
20180910  771979 nan N10  41
20180910  771980 nan N10  41
20180910  771981 nan N10  41
20180910  771982 nan N10  41
20180910  771983 nan N10  41
20180910  771984 nan N10  41
20180910  771985 nan N10  41
20180910  771986 nan N10  41
20180910  771987 nan N10  41
20180910  771988 nan N10  41
20180910  771989 nan N10  41
20180910  771990 nan N10  41
20180910  771991 nan N10  41
20180910  771992 nan N10  41
20180910  771993 nan N10  41
20180910  771994 nan N10  41
20180910  771995 nan N10  41
20180910  771996 nan N10  41
20180910  771997 nan N10  41
20180910  771998 nan N10  41
20180910  771999 nan N10  41
20180910  772000 nan N10  41
20180910  772001 nan N10  41
20180910  772002 nan N10  41
20180910  772003 nan N10  41
20180910  772004 nan N10  41
20180910  772005 nan N10  41
20180910  772006 nan N10  41
20180910  772007 nan N10  41
20180910  772008 nan N10  41
20180910  772009 nan N10  41
20180910  772010 nan N10  41
20180910  772011 nan N10  41
20180910  772012 nan N10  41
20180910  772013 nan N10  41
20180910  772014 nan N10  41
20180910  772015 nan N10  41
20180910  772016 nan N10  41
20180910  772017 nan N10  41
20180910  772018 nan N10  41
20180910  772019 nan N10  41
20180910  772020 nan N10  41
20180910  772021 nan N10  41
20180910  772022 nan N10  41
20180910  772023 nan N10  41
20180910  772024 nan N10  41
20180910  772025 nan N10  41
20180910  772026 nan N10  41
20180910  772027 nan N10  41
20180910  772028 nan N10  41
20180910  772029 nan N10  41
20180910  772030 nan N10  41
20180910  772031 nan N10  41
20180910  772032 nan N10  41
20180910  772033 nan N10  41
20180910  772034 nan N10  41
20180910  772035 nan N10  41
20180910  772036 nan N10  41
20180910  772037 nan N10  41
20180910  772038 nan N10  41
20180910  772039 nan N10  41
20180910  772040 nan N10  41
20180910  772041 nan N10  41
20180910  772042 nan N10  41
20180910  772043 nan N10  41
20180910  772044 nan N10  41
20180910  772045 nan N10  41
20180910  772046 nan N10  41
20180910  772047 nan N10  41
20180910  772048 nan N10  41
20180910  772049 nan N10  41
20180910  772050 nan N10  41
20180910  772051 nan N10  41
20180910  772052 nan N10  41
20180911  772201 nan N10  41
20180911  772202 nan N10  41
20180911  772203 nan N10  41
20180911  772204 nan N10  41
20180911  772205 nan N10  41
20180911  772206 nan N10  41
20180911  772207 nan N10  41
20180911  772208 nan N10  41
20180911  772209 nan N10  41
20180911  772210 nan N10  41
20180911  772211 nan N10  41
20180911  772212 nan N10  41
20180911  772213 nan N10  41
20180911  772214 nan N10  41
20180911  772215 nan N10  41
20180911  772216 nan N10  41
20180911  772217 nan N10  41
20180911  772218 nan N10  41
20180911  772219 nan N10  41
20180911  772220 nan N10  41
20180911  772221 nan N10  41
20180911  772222 nan N10  41
20180911  772223 nan N10  41
20180911  772224 nan N10  41
20180911  772225 nan N10  41
20180911  772226 nan N10  41
20180911  772227 nan N10  41
20180911  772228 nan N10  41
20180911  772229 nan N10  41
20180911  772230 nan N10  41
20180911  772231 nan N10  41
20180911  772232 nan N10  41
20180911  772233 nan N10  41
20180911  772234 nan N10  41
20180911  772235 nan N10  41
20180911  772236 nan N10  41
20180911  772237 nan N10  41
20180911  772238 nan N10  41
20180911  772239 nan N10  41
20180911  772240 nan N10  41
20180911  772241 nan N10  41
20180911  772242 nan N10  41
20180911  772243 nan N10  41
20180911  772244 nan N10  41
20180911  772245 nan N10  41
20180911  772246 nan N10  41
20180911  772247 nan N10  41
20180911  772248 nan N10  41
20180911  772249 nan N10  41
20180911  772250 nan N10  41
20180911  772251 nan N10  41
20180911  772252 nan N10  41
20180911  772253 nan N10  41
20180911  772254 nan N10  41
20180911  772255 nan N10  41
20180911  772256 nan N10  41
20180911  772257 nan N10  41
20180911  772258 nan N10  41
20180911  772259 nan N10  41
20180911  772260 nan N10  41
20180911  772261 nan N10  41
20180911  772262 nan N10  41
20180911  772263 nan N10  41
20180911  772264 nan N10  41
20180911  772265 nan N10  41
20180911  772266 nan N10  41
20180911  772267 nan N10  41
20180911  772268 nan N10  41
20180911  772269 nan N10  41
20180911  772270 nan N10  41
20180911  772271 nan N10  41
20180911  772272 nan N10  41
20180911  772273 nan N10  41
20180911  772274 nan N10  41
20180911  772275 nan N10  41
20180911  772276 nan N10  41
20180911  772277 nan N10  41
20180911  772278 nan N10  41
20180911  772279 nan N10  41
20180911  772280 nan N10  41
20180911  772281 nan N10  41
20180911  772282 nan N10  41
20180911  772283 nan N10  41
20180911  772284 nan N10  41
20180911  772285 nan N10  41
20180911  772286 nan N10  41
20180911  772287 nan N10  41
20180911  772288 nan N10  41
20180911  772289 nan N10  41
20180911  772290 nan N10  41
20180911  772291 nan N10  41
20180911  772292 nan N10  41
20180911  772293 nan N10  41
20180911  772294 nan N10  41
20180911  772295 nan N10  41
20180911  772296 nan N10  41
20180911  772297 nan N10  41
20180911  772298 nan N10  41
20180911  772299 nan N10  41
20180911  772300 nan N10  41
20180911  772301 nan N10  41
20180911  772302 nan N10  41
20180911  772303 nan N10  41
20180911  772304 nan N10  41
20180911  772305 nan N10  41
20180911  772306 nan N10  41
20180911  772307 nan N10  41
20180911  772308 nan N10  41
20180911  772309 nan N10  41
20180911  772310 nan N10  41
20180911  772311 nan N10  41
20180911  772312 nan N10  41
20180911  772313 nan N10  41
20180911  772314 nan N10  41
20180911  772315 nan N10  41
20180911  772316 nan N10  41
20180911  772317 nan N10  41
20180911  772318 nan N10  41
20180911  772319 nan N10  41
20180911  772320 nan N10  41
20180911  772321 nan N10  41
20180911  772322 nan N10  41
20180911  772323 nan N10  41
20180911  772324 nan N10  41
20180911  772325 nan N10  41
20180911  772326 nan N10  41
20180911  772327 nan N10  41
20180911  772328 nan N10  41
20180911  772329 nan N10  41
20180911  772330 nan N10  41
20180911  772331 nan N10  41
20180911  772334 nan N10  41
20180911  772339 nan N10  41
20180911  772340 nan N10  41
20180911  772341 nan N10  41
20180911  772342 nan N10  41
20180911  772343 nan N10  41
20180911  772344 nan N10  41
20180911  772345 nan N10  41
20180911  772346 nan N10  41
20180911  772347 nan N10  41
20180911  772348 nan N10  41
20180911  772349 nan N10  41
20180911  772350 nan N10  41
20180911  772351 nan N10  41
20180911  772352 nan N10  41
20180911  772353 nan N10  41
20180911  772354 nan N10  41
20180911  772355 nan N10  41
20180911  772356 nan N10  41
20180911  772357 nan N10  41
20180911  772358 nan N10  41
20180911  772359 nan N10  41
20180911  772360 nan N10  41
20180911  772361 nan N10  41
20180911  772362 nan N10  41
20180911  772363 nan N10  41
20180911  772364 nan N10  41
20180911  772365 nan N10  41
20180911  772366 nan N10  41
20180911  772367 nan N10  41
20180911  772368 nan N10  41
20180911  772369 nan N10  41
20180911  772370 nan N10  41
20180911  772371 nan N10  41
20180911  772372 nan N10  41
20180911  772373 nan N10  41
20180911  772374 nan N10  41
20180912  772859 nan N10  41
20180912  772860 nan N10  41
20180912  772861 nan N10  41
20180912  772862 nan N10  41
20180912  772863 nan N10  41
20180912  772864 nan N10  41
20180912  772865 nan N10  41
20180912  772866 nan N10  41
20180912  772867 nan N10  41
20180912  772868 nan N10  41
20180912  772869 nan N10  41
20180912  772870 nan N10  41
20180912  772871 nan N10  41
20180912  772872 nan N10  41
20180912  772873 nan N10  41
20180912  772874 nan N10  41
20180912  772875 nan N10  41
20180912  772876 nan N10  41
20180912  772877 nan N10  41
20180912  772878 nan N10  41
20180912  772879 nan N10  41
20180912  772880 nan N10  41
20180912  772881 nan N10  41
20180912  772882 nan N10  41
20180912  772883 nan N10  41
20180912  772884 nan N10  41
20180912  772885 nan N10  41
20180912  772886 nan N10  41
20180912  772887 nan N10  41
20180912  772888 nan N10  41
20180912  772889 nan N10  41
20180912  772890 nan N10  41
20180912  772891 nan N10  41
20180912  772892 nan N10  41
20180912  772893 nan N10  41
20180912  772894 nan N10  41
20180912  772895 nan N10  41
20180912  772896 nan N10  41
20180912  772897 nan N10  41
20180912  772898 nan N10  41
20180912  772899 nan N10  41
20180912  772900 nan N10  41
20180912  772901 nan N10  41
20180912  772902 nan N10  41
20180912  772903 nan N10  41
20180912  772904 nan N10  41
20180912  772905 nan N10  41
20180912  772906 nan N10  41
20180912  772907 nan N10  41
20180912  772908 nan N10  41
20180912  772909 nan N10  41
20180912  772910 nan N10  41
20180912  772911 nan N10  41
20180912  772912 nan N10  41
20180912  772913 nan N10  41
20180912  772914 nan N10  41
20180912  772915 nan N10  41
20180912  772916 nan N10  41
20180912  772917 nan N10  41
20180912  772918 nan N10  41
20180912  772919 nan N10  41
20180912  772920 nan N10  41
20180912  772921 nan N10  41
20180912  772922 nan N10  41
20180912  772923 nan N10  41
20180912  772924 nan N10  41
20180912  772925 nan N10  41
20180912  772926 nan N10  41
20180912  772927 nan N10  41
20180912  772928 nan N10  41
20180912  772929 nan N10  41
20180912  772930 nan N10  41
20180912  772931 nan N10  41
20180912  772932 nan N10  41
20180912  772933 nan N10  41
20180912  772934 nan N10  41
20180912  772935 nan N10  41
20180912  772936 nan N10  41
20180912  772937 nan N10  41
20180912  772938 nan N10  41
20180912  772939 nan N10  41
20180912  772940 nan N10  41
20180912  772941 nan N10  41
20180912  772942 nan N10  41
20180912  772943 nan N10  41
20180912  772944 nan N10  41
20180912  772945 nan N10  41
20180912  772946 nan N10  41
20180912  772947 nan N10  41
20180912  772948 nan N10  41
20180912  772949 nan N10  41
20180912  772950 nan N10  41
20180912  772951 nan N10  41
20180912  772952 nan N10  41
20180912  772953 nan N10  41
20180912  772954 nan N10  41
20180912  772955 nan N10  41
20180912  772956 nan N10  41
20180912  772957 nan N10  41
20180912  772958 nan N10  41
20180912  772959 nan N10  41
20180912  772960 nan N10  41
20180912  772961 nan N10  41
20180912  772962 nan N10  41
20180912  772963 nan N10  41
20180912  772964 nan N10  41
20180912  772965 nan N10  41
20180912  772966 nan N10  41
20180912  772967 nan N10  41
20180912  772968 nan N10  41
20180912  772969 nan N10  41
20180912  772970 nan N10  41
20180912  772971 nan N10  41
20180912  772972 nan N10  41
20180912  772973 nan N10  41
20180912  772974 nan N10  41
20180912  772975 nan N10  41
20180912  772976 nan N10  41
20180912  772977 nan N10  41
20180912  772978 nan N10  41
20180912  772979 nan N10  41
20180912  772980 nan N10  41
20180912  772981 nan N10  41
20180912  772982 nan N10  41
20180912  772983 nan N10  41
20180912  772984 nan N10  41
20180912  772985 nan N10  41
20180912  772986 nan N10  41
20180912  772987 nan N10  41
20180912  772988 nan N10  41
20180912  772989 nan N10  41
20180912  772990 nan N10  41
20180912  772991 nan N10  41
20180912  772992 nan N10  41
20180912  772993 nan N10  41
20180912  772994 nan N10  41
20180912  772995 nan N10  41
20180912  772996 nan N10  41
20180912  772997 nan N10  41
20180912  772998 nan N10  41
20180912  772999 nan N10  41
20180912  773000 nan N10  41
20180912  773001 nan N10  41
20180912  773002 nan N10  41
20180912  773003 nan N10  41
20180912  773004 nan N10  41
20180912  773005 nan N10  41
20180912  773006 nan N10  41
20180913  773160 nan N10  41
20180913  773161 nan N10  41
20180913  773162 nan N10  41
20180913  773163 nan N10  41
20180913  773164 nan N10  41
20180913  773165 nan N10  41
20180913  773166 nan N10  41
20180913  773167 nan N10  41
20180913  773168 nan N10  41
20180913  773169 nan N10  41
20180913  773170 nan N10  41
20180913  773171 nan N10  41
20180913  773172 nan N10  41
20180913  773173 nan N10  41
20180913  773174 nan N10  41
20180913  773175 nan N10  41
20180913  773176 nan N10  41
20180913  773177 nan N10  41
20180913  773178 nan N10  41
20180913  773179 nan N10  41
20180913  773180 nan N10  41
20180913  773181 nan N10  41
20180913  773182 nan N10  41
20180913  773183 nan N10  41
20180913  773184 nan N10  41
20180913  773185 nan N10  41
20180913  773186 nan N10  41
20180913  773187 nan N10  41
20180913  773188 nan N10  41
20180913  773189 nan N10  41
20180913  773190 nan N10  41
20180913  773191 nan N10  41
20180913  773192 nan N10  41
20180913  773193 nan N10  41
20180913  773194 nan N10  41
20180913  773195 nan N10  41
20180913  773196 nan N10  41
20180913  773197 nan N10  41
20180913  773198 nan N10  41
20180913  773199 nan N10  41
20180913  773201 nan N10  41
20180913  773202 nan N10  41
20180913  773203 nan N10  41
20180913  773204 nan N10  41
20180913  773205 nan N10  41
20180913  773206 nan N10  41
20180913  773207 nan N10  41
20180913  773208 nan N10  41
20180913  773209 nan N10  41
20180913  773210 nan N10  41
20180913  773211 nan N10  41
20180913  773212 nan N10  41
20180913  773213 nan N10  41
20180913  773214 nan N10  41
20180913  773215 nan N10  41
20180913  773216 nan N10  41
20180913  773217 nan N10  41
20180913  773218 nan N10  41
20180913  773219 nan N10  41
20180913  773220 nan N10  41
20180913  773221 nan N10  41
20180913  773222 nan N10  41
20180913  773223 nan N10  41
20180913  773224 nan N10  41
20180913  773225 nan N10  41
20180913  773226 nan N10  41
20180913  773227 nan N10  41
20180913  773228 nan N10  41
20180913  773229 nan N10  41
20180913  773230 nan N10  41
20180913  773231 nan N10  41
20180913  773232 nan N10  41
20180913  773233 nan N10  41
20180913  773234 nan N10  41
20180913  773235 nan N10  41
20180913  773236 nan N10  41
20180913  773237 nan N10  41
20180913  773238 nan N10  41
20180913  773239 nan N10  41
20180913  773240 nan N10  41
20180913  773241 nan N10  41
20180913  773242 nan N10  41
20180913  773243 nan N10  41
20180913  773244 nan N10  41
20180913  773245 nan N10  41
20180913  773246 nan N10  41
20180913  773247 nan N10  41
20180913  773248 nan N10  41
20180913  773249 nan N10  41
20180913  773250 nan N10  41
20180913  773251 nan N10  41
20180913  773252 nan N10  41
20180913  773253 nan N10  41
20180913  773254 nan N10  41
20180913  773255 nan N10  41
20180913  773256 nan N10  41
20180913  773257 nan N10  41
20180913  773258 nan N10  41
20180913  773259 nan N10  41
20180913  773260 nan N10  41
20180913  773261 nan N10  41
20180913  773262 nan N10  41
20180913  773263 nan N10  41
20180913  773264 nan N10  41
20180913  773265 nan N10  41
20180913  773266 nan N10  41
20180913  773267 nan N10  41
20180913  773268 nan N10  41
20180913  773269 nan N10  41
20180913  773270 nan N10  41
20180913  773271 nan N10  41
20180913  773272 nan N10  41
20180913  773273 nan N10  41
20180913  773274 nan N10  41
20180913  773275 nan N10  41
20180913  773276 nan N10  41
20180913  773277 nan N10  41
20180913  773278 nan N10  41
20180913  773279 nan N10  41
20180913  773280 nan N10  41
20180913  773281 nan N10  41
20180913  773282 nan N10  41
20180913  773283 nan N10  41
20180913  773284 nan N10  41
20180913  773285 nan N10  41
20180913  773286 nan N10  41
20180913  773287 nan N10  41
20180913  773288 nan N10  41
20180913  773289 nan N10  41
20180913  773290 nan N10  41
20180913  773291 nan N10  41
20180913  773292 nan N10  41
20180913  773293 nan N10  41
20180913  773294 nan N10  41
20180913  773295 nan N10  41
20180913  773296 nan N10  41
20180913  773297 nan N10  41
20180913  773303 nan N10  41
20180913  773304 nan N10  41
20180913  773305 nan N10  41
20180913  773306 nan N10  41
20180913  773307 nan N10  41
20180913  773308 nan N10  41
20180913  773309 nan N10  41
20180913  773310 nan N10  41
20180913  773311 nan N10  41
20180913  773312 nan N10  41
20180913  773313 nan N10  41
20180913  773314 nan N10  41
20180913  773315 nan N10  41
20180913  773316 nan N10  41
20180913  773317 nan N10  41
20180913  773318 nan N10  41
20180913  773319 nan N10  41
20180913  773320 nan N10  41
20180913  773321 nan N10  41
20180913  773322 nan N10  41
20180913  773323 nan N10  41
20180913  773324 nan N10  41
20180913  773325 nan N10  41
20180913  773326 nan N10  41
20180913  773327 nan N10  41
20180913  773328 nan N10  41
20180913  773329 nan N10  41
20180913  773330 nan N10  41
20180913  773331 nan N10  41
20180913  773332 nan N10  41
20180913  773333 nan N10  41
20180913  773334 nan N10  41
20180913  773335 nan N10  41
20180913  773336 nan N10  41
20180913  773337 nan N10  41
20180913  773338 nan N10  41
20180913  773339 nan N10  41
20180913  773340 nan N10  41
20180913  773341 nan N10  41
20180913  773342 nan N10  41
20180913  773343 nan N10  41
20180913  773344 nan N10  41
20180913  773345 nan N10  41
20180913  773346 nan N10  41
20180913  773347 nan N10  41
20180913  773348 nan N10  41
20180913  773349 nan N10  41
20180913  773350 nan N10  41
20180913  773351 nan N10  41
20180913  773352 nan N10  41
20180913  773353 nan N10  41
20180913  773354 nan N10  41
20180913  773355 nan N10  41
20180913  773356 nan N10  41
20180913  773357 nan N10  41
20180913  773358 nan N10  41
20180913  773359 nan N10  41
20180913  773360 nan N10  41
20180913  773361 nan N10  41
20180913  773362 nan N10  41
20180913  773363 nan N10  41
20180913  773364 nan N10  41
20180913  773365 nan N10  41
20180913  773366 nan N10  41
20180913  773367 nan N10  41
20180913  773368 nan N10  41
20180913  773369 nan N10  41
20180913  773370 nan N10  41
20180913  773371 nan N10  41
20180913  773372 nan N10  41
20180913  773373 nan N10  41
20180913  773374 nan N10  41
20180913  773375 nan N10  41
20180913  773376 nan N10  41
20180913  773377 nan N10  41
20180913  773378 nan N10  41
20180913  773379 nan N10  41
20180913  773380 nan N10  41
20180913  773381 nan N10  41
20180913  773382 nan N10  41
20180913  773383 nan N10  41
20180913  773384 nan N10  41
20180913  773385 nan N10  41
20180913  773386 nan N10  41
20180913  773387 nan N10  41
20180913  773388 nan N10  41
20180913  773389 nan N10  41
20180913  773390 nan N10  41
20180913  773391 nan N10  41
20180913  773392 nan N10  41
20180913  773393 nan N10  41
20180913  773394 nan N10  41
20180913  773395 nan N10  41
20180913  773396 nan N10  41
20180913  773397 nan N10  41
20180913  773398 nan N10  41
20180913  773399 nan N10  41
20180913  773400 nan N10  41
20180913  773401 nan N10  41
20180913  773402 nan N10  41
20180913  773403 nan N10  41
20180913  773404 nan N10  41
20180913  773405 nan N10  41
20180913  773406 nan N10  41
20180913  773407 nan N10  41
20180913  773408 nan N10  41
20180913  773409 nan N10  41
20180913  773410 nan N10  41
20180913  773411 nan N10  41
20180913  773412 nan N10  41
20180913  773413 nan N10  41
20180913  773414 nan N10  41
20180913  773415 nan N10  41
20180913  773416 nan N10  41
20180913  773417 nan N10  41
20180913  773418 nan N10  41
20180913  773419 nan N10  41
20180913  773420 nan N10  41
20180913  773421 nan N10  41
20180913  773422 nan N10  41
20180913  773423 nan N10  41
20180913  773424 nan N10  41
20180913  773425 nan N10  41
20180913  773426 nan N10  41
20180913  773427 nan N10  41
20180913  773428 nan N10  41
20180913  773429 nan N10  41
20180913  773430 nan N10  41
20180913  773431 nan N10  41
20180913  773432 nan N10  41
20180913  773433 nan N10  41
20180913  773434 nan N10  41
20180913  773435 nan N10  41
20180913  773436 nan N10  41
20180913  773437 nan N10  41
20180913  773438 nan N10  41
20180913  773439 nan N10  41
20180913  773440 nan N10  41
20180913  773441 nan N10  41
20180913  773442 nan N10  41
20180914  773601 nan N10  41
20180914  773602 nan N10  41
20180914  773603 nan N10  41
20180914  773604 nan N10  41
20180914  773605 nan N10  41
20180914  773606 nan N10  41
20180914  773607 nan N10  41
20180914  773608 nan N10  41
20180914  773609 nan N10  41
20180914  773610 nan N10  41
20180914  773611 nan N10  41
20180914  773612 nan N10  41
20180914  773613 nan N10  41
20180914  773614 nan N10  41
20180914  773615 nan N10  41
20180914  773616 nan N10  41
20180914  773617 nan N10  41
20180914  773618 nan N10  41
20180914  773619 nan N10  41
20180914  773620 nan N10  41
20180914  773621 nan N10  41
20180914  773622 nan N10  41
20180914  773623 nan N10  41
20180914  773624 nan N10  41
20180914  773625 nan N10  41
20180914  773626 nan N10  41
20180914  773627 nan N10  41
20180914  773628 nan N10  41
20180914  773629 nan N10  41
20180914  773630 nan N10  41
20180914  773631 nan N10  41
20180914  773632 nan N10  41
20180914  773633 nan N10  41
20180914  773634 nan N10  41
20180914  773635 nan N10  41
20180914  773636 nan N10  41
20180914  773637 nan N10  41
20180914  773638 nan N10  41
20180914  773639 nan N10  41
20180914  773640 nan N10  41
20180914  773641 nan N10  41
20180914  773642 nan N10  41
20180914  773643 nan N10  41
20180914  773644 nan N10  41
20180914  773645 nan N10  41
20180914  773646 nan N10  41
20180914  773647 nan N10  41
20180914  773648 nan N10  41
20180914  773649 nan N10  41
20180914  773650 nan N10  41
20180914  773651 nan N10  41
20180914  773652 nan N10  41
20180914  773653 nan N10  41
20180914  773654 nan N10  41
20180914  773655 nan N10  41
20180914  773656 nan N10  41
20180914  773657 nan N10  41
20180914  773658 nan N10  41
20180914  773659 nan N10  41
20180914  773660 nan N10  41
20180914  773661 nan N10  41
20180914  773662 nan N10  41
20180914  773663 nan N10  41
20180914  773664 nan N10  41
20180914  773665 nan N10  41
20180914  773666 nan N10  41
20180914  773667 nan N10  41
20180914  773668 nan N10  41
20180914  773669 nan N10  41
20180914  773670 nan N10  41
20180914  773671 nan N10  41
20180914  773672 nan N10  41
20180914  773673 nan N10  41
20180914  773674 nan N10  41
20180914  773675 nan N10  41
20180914  773676 nan N10  41
20180914  773677 nan N10  41
20180914  773678 nan N10  41
20180914  773679 nan N10  41
20180914  773680 nan N10  41
20180914  773681 nan N10  41
20180914  773682 nan N10  41
20180914  773683 nan N10  41
20180914  773684 nan N10  41
20180914  773685 nan N10  41
20180914  773686 nan N10  41
20180914  773687 nan N10  41
20180914  773688 nan N10  41
20180914  773689 nan N10  41
20180914  773690 nan N10  41
20180914  773691 nan N10  41
20180914  773692 nan N10  41
20180914  773693 nan N10  41
20180914  773694 nan N10  41
20180914  773695 nan N10  41
20180914  773696 nan N10  41
20180914  773697 nan N10  41
20180914  773698 nan N10  41
20180914  773699 nan N10  41
20180914  773700 nan N10  41
20180914  773701 nan N10  41
20180914  773702 nan N10  41
20180914  773703 nan N10  41
20180914  773704 nan N10  41
20180914  773705 nan N10  41
20180914  773706 nan N10  41
20180914  773707 nan N10  41
20180914  773708 nan N10  41
20180914  773709 nan N10  41
20180914  773710 nan N10  41
20180914  773711 nan N10  41
20180914  773712 nan N10  41
20180914  773713 nan N10  41
20180914  773714 nan N10  41
20180914  773715 nan N10  41
20180914  773716 nan N10  41
20180914  773717 nan N10  41
20180914  773718 nan N10  41
20180914  773719 nan N10  41
20180914  773720 nan N10  41
20180914  773721 nan N10  41
20180914  773727 nan N10  41
20180914  773728 nan N10  41
20180914  773729 nan N10  41
20180914  773730 nan N10  41
20180914  773731 nan N10  41
20180914  773732 nan N10  41
20180914  773733 nan N10  41
20180914  773734 nan N10  41
20180914  773735 nan N10  41
20180914  773736 nan N10  41
20180914  773737 nan N10  41
20180914  773738 nan N10  41
20180914  773739 nan N10  41
20180914  773740 nan N10  41
20180914  773741 nan N10  41
20180914  773742 nan N10  41
20180914  773743 nan N10  41
20180914  773744 nan N10  41
20180914  773745 nan N10  41
20180914  773746 nan N10  41
20180914  773747 nan N10  41
20180914  773748 nan N10  41
20180914  773749 nan N10  41
20180914  773750 nan N10  41
20180914  773751 nan N10  41
20180914  773752 nan N10  41
20180914  773753 nan N10  41
20180914  773754 nan N10  41
20180914  773755 nan N10  41
20180914  773756 nan N10  41
20180914  773757 nan N10  41
20180914  773758 nan N10  41
20180914  773759 nan N10  41
20180914  773760 nan N10  41
20180914  773761 nan N10  41
20180914  773762 nan N10  41
20180914  773763 nan N10  41
20180914  773764 nan N10  41
20180914  773765 nan N10  41
20180914  773766 nan N10  41
20180914  773767 nan N10  41
20180914  773768 nan N10  41
20180914  773769 nan N10  41
20180914  773770 nan N10  41
20180914  773771 nan N10  41
20180914  773772 nan N10  41
20180914  773773 nan N10  41
20180914  773774 nan N10  41
20180914  773775 nan N10  41
20180914  773776 nan N10  41
20180914  773777 nan N10  41
20180914  773778 nan N10  41
20180914  773779 nan N10  41
20180914  773780 nan N10  41
20180914  773781 nan N10  41
20180914  773782 nan N10  41
20180914  773783 nan N10  41
20180914  773784 nan N10  41
20180914  773785 nan N10  41
20180914  773786 nan N10  41
20180914  773787 nan N10  41
20180914  773788 nan N10  41
20180914  773789 nan N10  41
20180914  773790 nan N10  41
20180914  773791 nan N10  41
20180914  773792 nan N10  41
20180914  773793 nan N10  41
20180914  773794 nan N10  41
20180914  773795 nan N10  41
20180914  773796 nan N10  41
20180914  773797 nan N10  41
20180914  773798 nan N10  41
20180914  773799 nan N10  41
20180914  773800 nan N10  41
20180914  773801 nan N10  41
20180914  773802 nan N10  41
20180914  773803 nan N10  41
20180914  773804 nan N10  41
20180914  773805 nan N10  41
20180914  773806 nan N10  41
20180914  773807 nan N10  41
20180914  773808 nan N10  41
20180914  773809 nan N10  41
20180914  773810 nan N10  41
20180914  773811 nan N10  41
20180914  773812 nan N10  41
20180914  773813 nan N10  41
20180914  773814 nan N10  41
20180914  773815 nan N10  41
20180914  773816 nan N10  41
20180914  773817 nan N10  41
20180914  773818 nan N10  41
20180914  773819 nan N10  41
20180914  773820 nan N10  41
20180914  773821 nan N10  41
20180914  773822 nan N10  41
20180914  773823 nan N10  41
20180914  773824 nan N10  41
20180914  773825 nan N10  41
20180914  773826 nan N10  41
20180914  773827 nan N10  41
20180914  773828 nan N10  41
20180914  773829 nan N10  41
20180914  773830 nan N10  41
20180914  773831 nan N10  41
20180914  773832 nan N10  41
20180914  773833 nan N10  41
20180914  773834 nan N10  41
20180914  773835 nan N10  41
20180914  773836 nan N10  41
20180914  773837 nan N10  41
20180914  773838 nan N10  41
20180914  773839 nan N10  41
20180914  773840 nan N10  41
20180914  773841 nan N10  41
20180914  773842 nan N10  41
20180914  773843 nan N10  41
20180914  773844 nan N10  41
20180914  773845 nan N10  41
20180914  773846 nan N10  41
20180914  773847 nan N10  41
20180914  773848 nan N10  41
20180914  773849 nan N10  41
20180914  773850 nan N10  41
20180914  773851 nan N10  41
20180914  773852 nan N10  41
20180914  773853 nan N10  41
20180914  773854 nan N10  41
20180914  773855 nan N10  41
20180914  773856 nan N10  41
20180914  773857 nan N10  41
20180914  773858 nan N10  41
20180914  773859 nan N10  41
20180914  773860 nan N10  41
20180915  774100 nan N10  41
20180915  774101 nan N10  41
20180915  774102 nan N10  41
20180915  774103 nan N10  41
20180915  774104 nan N10  41
20180915  774105 nan N10  41
20180915  774106 nan N10  41
20180915  774107 nan N10  41
20180915  774108 nan N10  41
20180915  774109 nan N10  41
20180915  774110 nan N10  41
20180915  774111 nan N10  41
20180915  774112 nan N10  41
20180915  774113 nan N10  41
20180915  774114 nan N10  41
20180915  774115 nan N10  41
20180915  774116 nan N10  41
20180915  774117 nan N10  41
20180915  774118 nan N10  41
20180915  774119 nan N10  41
20180915  774120 nan N10  41
20180915  774121 nan N10  41
20180915  774122 nan N10  41
20180915  774123 nan N10  41
20180915  774124 nan N10  41
20180915  774125 nan N10  41
20180915  774126 nan N10  41
20180915  774127 nan N10  41
20180915  774128 nan N10  41
20180915  774129 nan N10  41
20180915  774130 nan N10  41
20180915  774131 nan N10  41
20180915  774132 nan N10  41
20180915  774133 nan N10  41
20180915  774134 nan N10  41
20180915  774135 nan N10  41
20180915  774136 nan N10  41
20180915  774137 nan N10  41
20180915  774138 nan N10  41
20180915  774139 nan N10  41
20180915  774140 nan N10  41
20180915  774141 nan N10  41
20180915  774142 nan N10  41
20180915  774143 nan N10  41
20180915  774144 nan N10  41
20180915  774145 nan N10  41
20180915  774146 nan N10  41
20180915  774147 nan N10  41
20180915  774148 nan N10  41
20180915  774149 nan N10  41
20180915  774150 nan N10  41
20180915  774151 nan N10  41
20180915  774152 nan N10  41
20180915  774153 nan N10  41
20180915  774154 nan N10  41
20180915  774155 nan N10  41
20180915  774156 nan N10  41
20180915  774157 nan N10  41
20180915  774158 nan N10  41
20180915  774159 nan N10  41
20180915  774160 nan N10  41
20180915  774161 nan N10  41
20180915  774162 nan N10  41
20180915  774163 nan N10  41
20180915  774164 nan N10  41
20180915  774165 nan N10  41
20180915  774166 nan N10  41
20180915  774167 nan N10  41
20180915  774168 nan N10  41
20180915  774169 nan N10  41
20180915  774170 nan N10  41
20180915  774171 nan N10  41
20180915  774172 nan N10  41
20180915  774173 nan N10  41
20180915  774174 nan N10  41
20180915  774175 nan N10  41
20180915  774176 nan N10  41
20180915  774177 nan N10  41
20180915  774178 nan N10  41
20180915  774179 nan N10  41
20180915  774180 nan N10  41
20180915  774181 nan N10  41
20180915  774182 nan N10  41
20180915  774183 nan N10  41
20180915  774184 nan N10  41
20180915  774185 nan N10  41
20180915  774186 nan N10  41
20180915  774187 nan N10  41
20180915  774188 nan N10  41
20180915  774189 nan N10  41
20180915  774190 nan N10  41
20180915  774191 nan N10  41
20180915  774192 nan N10  41
20180915  774193 nan N10  41
20180915  774194 nan N10  41
20180915  774195 nan N10  41
20180915  774196 nan N10  41
20180915  774197 nan N10  41
20180915  774198 nan N10  41
20180915  774199 nan N10  41
20180915  774200 nan N10  41
20180915  774201 nan N10  41
20180915  774202 nan N10  41
20180915  774203 nan N10  41
20180915  774204 nan N10  41
20180915  774205 nan N10  41
20180915  774206 nan N10  41
20180915  774207 nan N10  41
20180915  774208 nan N10  41
20180915  774209 nan N10  41
20180915  774210 nan N10  41
20180915  774211 nan N10  41
20180915  774212 nan N10  41
20180915  774213 nan N10  41
20180915  774214 nan N10  41
20180915  774215 nan N10  41
20180915  774216 nan N10  41
20180915  774217 nan N10  41
20180915  774218 nan N10  41
20180915  774219 nan N10  41
20180915  774220 nan N10  41
20180915  774221 nan N10  41
20180915  774222 nan N10  41
20180915  774223 nan N10  41
20180915  774224 nan N10  41
20180915  774225 nan N10  41
20180915  774226 nan N10  41
20180915  774227 nan N10  41
20180915  774228 nan N10  41
20180915  774229 nan N10  41
20180915  774230 nan N10  41
20180915  774231 nan N10  41
20180915  774232 nan N10  41
20180915  774233 nan N10  41
20180915  774234 nan N10  41
20180915  774235 nan N10  41
20180915  774236 nan N10  41
20180915  774237 nan N10  41
20180915  774238 nan N10  41
20180915  774239 nan N10  41
20180915  774240 nan N10  41
20180915  774241 nan N10  41
20180915  774242 nan N10  41
20180915  774243 nan N10  41
20180915  774244 nan N10  41
20180915  774245 nan N10  41
20180915  774251 nan N10  41
20180915  774252 nan N10  41
20180915  774253 nan N10  41
20180915  774254 nan N10  41
20180915  774255 nan N10  41
20180915  774256 nan N10  41
20180915  774257 nan N10  41
20180915  774258 nan N10  41
20180915  774259 nan N10  41
20180915  774260 nan N10  41
20180915  774261 nan N10  41
20180915  774262 nan N10  41
20180915  774263 nan N10  41
20180915  774264 nan N10  41
20180915  774265 nan N10  41
20180915  774266 nan N10  41
20180915  774267 nan N10  41
20180915  774268 nan N10  41
20180915  774269 nan N10  41
20180915  774270 nan N10  41
20180915  774271 nan N10  41
20180915  774272 nan N10  41
20180915  774273 nan N10  41
20180915  774274 nan N10  41
20180915  774275 nan N10  41
20180915  774276 nan N10  41
20180915  774277 nan N10  41
20180915  774278 nan N10  41
20180915  774279 nan N10  41
20180915  774280 nan N10  41
20180915  774281 nan N10  41
20180915  774282 nan N10  41
20180915  774283 nan N10  41
20180915  774284 nan N10  41
20180915  774285 nan N10  41
20180915  774286 nan N10  41
20180915  774287 nan N10  41
20180915  774288 nan N10  41
20180915  774289 nan N10  41
20180915  774290 nan N10  41
20180915  774291 nan N10  41
20180915  774292 nan N10  41
20180915  774293 nan N10  41
20180915  774294 nan N10  41
20180915  774295 nan N10  41
20180915  774296 nan N10  41
20180915  774297 nan N10  41
20180915  774298 nan N10  41
20180915  774299 nan N10  41
20180915  774300 nan N10  41
20180915  774301 nan N10  41
20180915  774302 nan N10  41
20180915  774303 nan N10  41
20180915  774304 nan N10  41
20180915  774305 nan N10  41
20180915  774306 nan N10  41
20180915  774307 nan N10  41
20180915  774308 nan N10  41
20180915  774309 nan N10  41
20180915  774310 nan N10  41
20180915  774311 nan N10  41
20180915  774312 nan N10  41
20180915  774313 nan N10  41
20180915  774314 nan N10  41
20180915  774315 nan N10  41
20180915  774316 nan N10  41
20180915  774317 nan N10  41
20180915  774318 nan N10  41
20180915  774319 nan N10  41
20180915  774320 nan N10  41
20180915  774321 nan N10  41
20180915  774322 nan N10  41
20180915  774323 nan N10  41
20180915  774324 nan N10  41
20180915  774325 nan N10  41
20180915  774326 nan N10  41
20180915  774327 nan N10  41
20180915  774328 nan N10  41
20180915  774329 nan N10  41
20180915  774330 nan N10  41
20180915  774331 nan N10  41
20180915  774332 nan N10  41
20180915  774333 nan N10  41
20180915  774334 nan N10  41
20180915  774335 nan N10  41
20180915  774336 nan N10  41
20180915  774337 nan N10  41
20180915  774338 nan N10  41
20180915  774339 nan N10  41
20180915  774340 nan N10  41
20180915  774341 nan N10  41
20180915  774342 nan N10  41
20180915  774343 nan N10  41
20180915  774344 nan N10  41
20180915  774345 nan N10  41
20180915  774346 nan N10  41
20180915  774347 nan N10  41
20180915  774348 nan N10  41
20180915  774349 nan N10  41
20180915  774350 nan N10  41
20180915  774351 nan N10  41
20180915  774352 nan N10  41
20180915  774353 nan N10  41
20180915  774354 nan N10  41
20180915  774355 nan N10  41
20180915  774356 nan N10  41
20180915  774357 nan N10  41
20180915  774358 nan N10  41
20180915  774359 nan N10  41
20180915  774360 nan N10  41
20180915  774361 nan N10  41
20180915  774362 nan N10  41
20180915  774363 nan N10  41
20180915  774364 nan N10  41
20180915  774365 nan N10  41
20180915  774366 nan N10  41
20180915  774367 nan N10  41
20180915  774368 nan N10  41
20180915  774369 nan N10  41
20180915  774370 nan N10  41
20180915  774371 nan N10  41
20180915  774372 nan N10  41
20180915  774373 nan N10  41
20180915  774374 nan N10  41
20180915  774375 nan N10  41
20180915  774376 nan N10  41
20180915  774377 nan N10  41
20180915  774378 nan N10  41
20180915  774379 nan N10  41
20180915  774380 nan N10  41
20180915  774381 nan N10  41
20180915  774382 nan N10  41
20180915  774383 nan N10  41
20180915  774384 nan N10  41
20180915  774385 nan N10  41
20180915  774386 nan N10  41
20180915  774387 nan N10  41
20180915  774388 nan N10  41
20180915  774389 nan N10  41
20180915  774390 nan N10  41
20180915  774391 nan N10  41
20180915  774392 nan N10  41
20180915  774393 nan N10  41
20180916  774551 nan N10  41
20180916  774552 nan N10  41
20180916  774553 nan N10  41
20180916  774554 nan N10  41
20180916  774555 nan N10  41
20181019  785517 nan N10  41
20181019  785518 nan N10  41
20181019  785519 nan N10  41
20181019  785520 nan N10  41
20181019  785521 nan N10  41
20181019  785522 nan N10  41
20181019  785523 nan N10  41
20181019  785524 nan N10  41

