#date     expnum ccd id ccdnum
20180901  768000 nan nan  47
20180904  768931 nan nan  53
20180904  768931 nan nan  54
20180904  768931 nan nan  55
20180904  768931 nan nan  57
20180904  768931 nan nan  58
20180904  768931 nan nan  59
20180904  768931 nan nan  60
20180904  768931 nan nan  61
20180904  768931 nan nan  62
20180904  768932 nan nan  53
20180904  768932 nan nan  54
20180904  768932 nan nan  55
20180904  768932 nan nan  57
20180904  768932 nan nan  58
20180904  768932 nan nan  59
20180904  768932 nan nan  60
20180904  768932 nan nan  61
20180904  768932 nan nan  62
20180904  768933 nan nan  53
20180904  768933 nan nan  54
20180904  768933 nan nan  55
20180904  768933 nan nan  57
20180904  768933 nan nan  58
20180904  768933 nan nan  59
20180904  768933 nan nan  60
20180904  768933 nan nan  61
20180904  768933 nan nan  62
20180904  768934 nan nan  53
20180904  768934 nan nan  54
20180904  768934 nan nan  55
20180904  768934 nan nan  57
20180904  768934 nan nan  58
20180904  768934 nan nan  59
20180904  768934 nan nan  60
20180904  768934 nan nan  61
20180904  768934 nan nan  62
20180904  768935 nan nan  53
20180904  768935 nan nan  54
20180904  768935 nan nan  55
20180904  768935 nan nan  57
20180904  768935 nan nan  58
20180904  768935 nan nan  59
20180904  768935 nan nan  60
20180904  768935 nan nan  61
20180904  768935 nan nan  62
20180904  768936 nan nan  53
20180904  768936 nan nan  54
20180904  768936 nan nan  55
20180904  768936 nan nan  57
20180904  768936 nan nan  58
20180904  768936 nan nan  59
20180904  768936 nan nan  60
20180904  768936 nan nan  61
20180904  768936 nan nan  62
20180904  768937 nan nan  53
20180904  768937 nan nan  54
20180904  768937 nan nan  55
20180904  768937 nan nan  57
20180904  768937 nan nan  58
20180904  768937 nan nan  59
20180904  768937 nan nan  60
20180904  768937 nan nan  61
20180904  768937 nan nan  62
20180904  768938 nan nan  53
20180904  768938 nan nan  54
20180904  768938 nan nan  55
20180904  768938 nan nan  57
20180904  768938 nan nan  58
20180904  768938 nan nan  59
20180904  768938 nan nan  60
20180904  768938 nan nan  61
20180904  768938 nan nan  62
20180904  768939 nan nan  53
20180904  768939 nan nan  54
20180904  768939 nan nan  55
20180904  768939 nan nan  57
20180904  768939 nan nan  58
20180904  768939 nan nan  59
20180904  768939 nan nan  60
20180904  768939 nan nan  61
20180904  768939 nan nan  62
20180904  768940 nan nan  53
20180904  768940 nan nan  54
20180904  768940 nan nan  55
20180904  768940 nan nan  57
20180904  768940 nan nan  58
20180904  768940 nan nan  59
20180904  768940 nan nan  60
20180904  768940 nan nan  61
20180904  768940 nan nan  62
20180904  768941 nan nan  53
20180904  768941 nan nan  54
20180904  768941 nan nan  55
20180904  768941 nan nan  57
20180904  768941 nan nan  58
20180904  768941 nan nan  59
20180904  768941 nan nan  60
20180904  768941 nan nan  61
20180904  768941 nan nan  62
20180904  768942 nan nan  53
20180904  768942 nan nan  54
20180904  768942 nan nan  55
20180904  768942 nan nan  57
20180904  768942 nan nan  58
20180904  768942 nan nan  59
20180904  768942 nan nan  60
20180904  768942 nan nan  61
20180904  768942 nan nan  62
20180904  768943 nan nan  53
20180904  768943 nan nan  54
20180904  768943 nan nan  55
20180904  768943 nan nan  57
20180904  768943 nan nan  58
20180904  768943 nan nan  59
20180904  768943 nan nan  60
20180904  768943 nan nan  61
20180904  768943 nan nan  62
20180904  768944 nan nan  53
20180904  768944 nan nan  54
20180904  768944 nan nan  55
20180904  768944 nan nan  57
20180904  768944 nan nan  58
20180904  768944 nan nan  59
20180904  768944 nan nan  60
20180904  768944 nan nan  61
20180904  768944 nan nan  62
20180904  768945 nan nan  53
20180904  768945 nan nan  54
20180904  768945 nan nan  55
20180904  768945 nan nan  57
20180904  768945 nan nan  58
20180904  768945 nan nan  59
20180904  768945 nan nan  60
20180904  768945 nan nan  61
20180904  768945 nan nan  62
20180904  768946 nan nan  53
20180904  768946 nan nan  54
20180904  768946 nan nan  55
20180904  768946 nan nan  57
20180904  768946 nan nan  58
20180904  768946 nan nan  59
20180904  768946 nan nan  60
20180904  768946 nan nan  61
20180904  768946 nan nan  62
20180904  768947 nan nan  53
20180904  768947 nan nan  54
20180904  768947 nan nan  55
20180904  768947 nan nan  57
20180904  768947 nan nan  58
20180904  768947 nan nan  59
20180904  768947 nan nan  60
20180904  768947 nan nan  61
20180904  768947 nan nan  62
20180904  768948 nan nan  53
20180904  768948 nan nan  54
20180904  768948 nan nan  55
20180904  768948 nan nan  57
20180904  768948 nan nan  58
20180904  768948 nan nan  59
20180904  768948 nan nan  60
20180904  768948 nan nan  61
20180904  768948 nan nan  62
20180904  768949 nan nan  53
20180904  768949 nan nan  54
20180904  768949 nan nan  55
20180904  768949 nan nan  57
20180904  768949 nan nan  58
20180904  768949 nan nan  59
20180904  768949 nan nan  60
20180904  768949 nan nan  61
20180904  768949 nan nan  62
20180904  768950 nan nan  53
20180904  768950 nan nan  54
20180904  768950 nan nan  55
20180904  768950 nan nan  57
20180904  768950 nan nan  58
20180904  768950 nan nan  59
20180904  768950 nan nan  60
20180904  768950 nan nan  61
20180904  768950 nan nan  62
20180904  768951 nan nan  53
20180904  768951 nan nan  54
20180904  768951 nan nan  55
20180904  768951 nan nan  57
20180904  768951 nan nan  58
20180904  768951 nan nan  59
20180904  768951 nan nan  60
20180904  768951 nan nan  61
20180904  768951 nan nan  62
20180904  768952 nan nan  53
20180904  768952 nan nan  54
20180904  768952 nan nan  55
20180904  768952 nan nan  57
20180904  768952 nan nan  58
20180904  768952 nan nan  59
20180904  768952 nan nan  60
20180904  768952 nan nan  61
20180904  768952 nan nan  62
20180904  768953 nan nan  53
20180904  768953 nan nan  54
20180904  768953 nan nan  55
20180904  768953 nan nan  57
20180904  768953 nan nan  58
20180904  768953 nan nan  59
20180904  768953 nan nan  60
20180904  768953 nan nan  61
20180904  768953 nan nan  62
20180904  768954 nan nan  53
20180904  768954 nan nan  54
20180904  768954 nan nan  55
20180904  768954 nan nan  57
20180904  768954 nan nan  58
20180904  768954 nan nan  59
20180904  768954 nan nan  60
20180904  768954 nan nan  61
20180904  768954 nan nan  62
20180904  768955 nan nan  53
20180904  768955 nan nan  54
20180904  768955 nan nan  55
20180904  768955 nan nan  57
20180904  768955 nan nan  58
20180904  768955 nan nan  59
20180904  768955 nan nan  60
20180904  768955 nan nan  61
20180904  768955 nan nan  62
20180904  768956 nan nan  53
20180904  768956 nan nan  54
20180904  768956 nan nan  55
20180904  768956 nan nan  57
20180904  768956 nan nan  58
20180904  768956 nan nan  59
20180904  768956 nan nan  60
20180904  768956 nan nan  61
20180904  768956 nan nan  62
20180904  768957 nan nan  53
20180904  768957 nan nan  54
20180904  768957 nan nan  55
20180904  768957 nan nan  57
20180904  768957 nan nan  58
20180904  768957 nan nan  59
20180904  768957 nan nan  60
20180904  768957 nan nan  61
20180904  768957 nan nan  62
20180904  768958 nan nan  53
20180904  768958 nan nan  54
20180904  768958 nan nan  55
20180904  768958 nan nan  57
20180904  768958 nan nan  58
20180904  768958 nan nan  59
20180904  768958 nan nan  60
20180904  768958 nan nan  61
20180904  768958 nan nan  62
20180904  768959 nan nan  53
20180904  768959 nan nan  54
20180904  768959 nan nan  55
20180904  768959 nan nan  57
20180904  768959 nan nan  58
20180904  768959 nan nan  59
20180904  768959 nan nan  60
20180904  768959 nan nan  61
20180904  768959 nan nan  62
20180904  768960 nan nan  53
20180904  768960 nan nan  54
20180904  768960 nan nan  55
20180904  768960 nan nan  57
20180904  768960 nan nan  58
20180904  768960 nan nan  59
20180904  768960 nan nan  60
20180904  768960 nan nan  61
20180904  768960 nan nan  62
20180904  768961 nan nan  53
20180904  768961 nan nan  54
20180904  768961 nan nan  55
20180904  768961 nan nan  57
20180904  768961 nan nan  58
20180904  768961 nan nan  59
20180904  768961 nan nan  60
20180904  768961 nan nan  61
20180904  768961 nan nan  62
20180904  768962 nan nan  53
20180904  768962 nan nan  54
20180904  768962 nan nan  55
20180904  768962 nan nan  57
20180904  768962 nan nan  58
20180904  768962 nan nan  59
20180904  768962 nan nan  60
20180904  768962 nan nan  61
20180904  768962 nan nan  62
20180904  768963 nan nan  53
20180904  768963 nan nan  54
20180904  768963 nan nan  55
20180904  768963 nan nan  57
20180904  768963 nan nan  58
20180904  768963 nan nan  59
20180904  768963 nan nan  60
20180904  768963 nan nan  61
20180904  768963 nan nan  62
20180904  768964 nan nan  53
20180904  768964 nan nan  54
20180904  768964 nan nan  55
20180904  768964 nan nan  57
20180904  768964 nan nan  58
20180904  768964 nan nan  59
20180904  768964 nan nan  60
20180904  768964 nan nan  61
20180904  768964 nan nan  62
20180904  768965 nan nan  53
20180904  768965 nan nan  54
20180904  768965 nan nan  55
20180904  768965 nan nan  57
20180904  768965 nan nan  58
20180904  768965 nan nan  59
20180904  768965 nan nan  60
20180904  768965 nan nan  61
20180904  768965 nan nan  62
20180904  768966 nan nan  53
20180904  768966 nan nan  54
20180904  768966 nan nan  55
20180904  768966 nan nan  57
20180904  768966 nan nan  58
20180904  768966 nan nan  59
20180904  768966 nan nan  60
20180904  768966 nan nan  61
20180904  768966 nan nan  62
20180904  768967 nan nan  53
20180904  768967 nan nan  54
20180904  768967 nan nan  55
20180904  768967 nan nan  57
20180904  768967 nan nan  58
20180904  768967 nan nan  59
20180904  768967 nan nan  60
20180904  768967 nan nan  61
20180904  768967 nan nan  62
20180904  768968 nan nan  53
20180904  768968 nan nan  54
20180904  768968 nan nan  55
20180904  768968 nan nan  57
20180904  768968 nan nan  58
20180904  768968 nan nan  59
20180904  768968 nan nan  60
20180904  768968 nan nan  61
20180904  768968 nan nan  62
20180904  768969 nan nan  53
20180904  768969 nan nan  54
20180904  768969 nan nan  55
20180904  768969 nan nan  57
20180904  768969 nan nan  58
20180904  768969 nan nan  59
20180904  768969 nan nan  60
20180904  768969 nan nan  61
20180904  768969 nan nan  62
20180904  768970 nan nan  53
20180904  768970 nan nan  54
20180904  768970 nan nan  55
20180904  768970 nan nan  57
20180904  768970 nan nan  58
20180904  768970 nan nan  59
20180904  768970 nan nan  60
20180904  768970 nan nan  61
20180904  768970 nan nan  62
20180904  768971 nan nan  53
20180904  768971 nan nan  54
20180904  768971 nan nan  55
20180904  768971 nan nan  57
20180904  768971 nan nan  58
20180904  768971 nan nan  59
20180904  768971 nan nan  60
20180904  768971 nan nan  61
20180904  768971 nan nan  62
20180904  768972 nan nan  53
20180904  768972 nan nan  54
20180904  768972 nan nan  55
20180904  768972 nan nan  57
20180904  768972 nan nan  58
20180904  768972 nan nan  59
20180904  768972 nan nan  60
20180904  768972 nan nan  61
20180904  768972 nan nan  62
20180904  768973 nan nan  53
20180904  768973 nan nan  54
20180904  768973 nan nan  55
20180904  768973 nan nan  57
20180904  768973 nan nan  58
20180904  768973 nan nan  59
20180904  768973 nan nan  60
20180904  768973 nan nan  61
20180904  768973 nan nan  62
20180904  768974 nan nan  53
20180904  768974 nan nan  54
20180904  768974 nan nan  55
20180904  768974 nan nan  57
20180904  768974 nan nan  58
20180904  768974 nan nan  59
20180904  768974 nan nan  60
20180904  768974 nan nan  61
20180904  768974 nan nan  62
20180904  768975 nan nan  53
20180904  768975 nan nan  54
20180904  768975 nan nan  55
20180904  768975 nan nan  57
20180904  768975 nan nan  58
20180904  768975 nan nan  59
20180904  768975 nan nan  60
20180904  768975 nan nan  61
20180904  768975 nan nan  62
20180904  768976 nan nan  53
20180904  768976 nan nan  54
20180904  768976 nan nan  55
20180904  768976 nan nan  57
20180904  768976 nan nan  58
20180904  768976 nan nan  59
20180904  768976 nan nan  60
20180904  768976 nan nan  61
20180904  768976 nan nan  62
20180904  768977 nan nan  53
20180904  768977 nan nan  54
20180904  768977 nan nan  55
20180904  768977 nan nan  57
20180904  768977 nan nan  58
20180904  768977 nan nan  59
20180904  768977 nan nan  60
20180904  768977 nan nan  61
20180904  768977 nan nan  62
20180904  768978 nan nan  53
20180904  768978 nan nan  54
20180904  768978 nan nan  55
20180904  768978 nan nan  57
20180904  768978 nan nan  58
20180904  768978 nan nan  59
20180904  768978 nan nan  60
20180904  768978 nan nan  61
20180904  768978 nan nan  62
20180904  768979 nan nan  53
20180904  768979 nan nan  54
20180904  768979 nan nan  55
20180904  768979 nan nan  57
20180904  768979 nan nan  58
20180904  768979 nan nan  59
20180904  768979 nan nan  60
20180904  768979 nan nan  61
20180904  768979 nan nan  62
20180904  768980 nan nan  53
20180904  768980 nan nan  54
20180904  768980 nan nan  55
20180904  768980 nan nan  57
20180904  768980 nan nan  58
20180904  768980 nan nan  59
20180904  768980 nan nan  60
20180904  768980 nan nan  61
20180904  768980 nan nan  62
20180904  768981 nan nan  53
20180904  768981 nan nan  54
20180904  768981 nan nan  55
20180904  768981 nan nan  57
20180904  768981 nan nan  58
20180904  768981 nan nan  59
20180904  768981 nan nan  60
20180904  768981 nan nan  61
20180904  768981 nan nan  62
20180904  768982 nan nan  53
20180904  768982 nan nan  54
20180904  768982 nan nan  55
20180904  768982 nan nan  57
20180904  768982 nan nan  58
20180904  768982 nan nan  59
20180904  768982 nan nan  60
20180904  768982 nan nan  61
20180904  768982 nan nan  62
20180904  768983 nan nan  53
20180904  768983 nan nan  54
20180904  768983 nan nan  55
20180904  768983 nan nan  57
20180904  768983 nan nan  58
20180904  768983 nan nan  59
20180904  768983 nan nan  60
20180904  768983 nan nan  61
20180904  768983 nan nan  62
20180904  768984 nan nan  53
20180904  768984 nan nan  54
20180904  768984 nan nan  55
20180904  768984 nan nan  57
20180904  768984 nan nan  58
20180904  768984 nan nan  59
20180904  768984 nan nan  60
20180904  768984 nan nan  61
20180904  768984 nan nan  62
20180904  768985 nan nan  53
20180904  768985 nan nan  54
20180904  768985 nan nan  55
20180904  768985 nan nan  57
20180904  768985 nan nan  58
20180904  768985 nan nan  59
20180904  768985 nan nan  60
20180904  768985 nan nan  61
20180904  768985 nan nan  62
20180904  768986 nan nan  53
20180904  768986 nan nan  54
20180904  768986 nan nan  55
20180904  768986 nan nan  57
20180904  768986 nan nan  58
20180904  768986 nan nan  59
20180904  768986 nan nan  60
20180904  768986 nan nan  61
20180904  768986 nan nan  62
20180904  768987 nan nan  53
20180904  768987 nan nan  54
20180904  768987 nan nan  55
20180904  768987 nan nan  57
20180904  768987 nan nan  58
20180904  768987 nan nan  59
20180904  768987 nan nan  60
20180904  768987 nan nan  61
20180904  768987 nan nan  62
20180904  768988 nan nan  53
20180904  768988 nan nan  54
20180904  768988 nan nan  55
20180904  768988 nan nan  57
20180904  768988 nan nan  58
20180904  768988 nan nan  59
20180904  768988 nan nan  60
20180904  768988 nan nan  61
20180904  768988 nan nan  62
20180904  768989 nan nan  53
20180904  768989 nan nan  54
20180904  768989 nan nan  55
20180904  768989 nan nan  57
20180904  768989 nan nan  58
20180904  768989 nan nan  59
20180904  768989 nan nan  60
20180904  768989 nan nan  61
20180904  768989 nan nan  62
20180904  768990 nan nan  53
20180904  768990 nan nan  54
20180904  768990 nan nan  55
20180904  768990 nan nan  57
20180904  768990 nan nan  58
20180904  768990 nan nan  59
20180904  768990 nan nan  60
20180904  768990 nan nan  61
20180904  768990 nan nan  62
20180904  768992 nan nan  53
20180904  768992 nan nan  54
20180904  768992 nan nan  55
20180904  768992 nan nan  57
20180904  768992 nan nan  58
20180904  768992 nan nan  59
20180904  768992 nan nan  60
20180904  768992 nan nan  61
20180904  768992 nan nan  62
20180904  768993 nan nan  53
20180904  768993 nan nan  54
20180904  768993 nan nan  55
20180904  768993 nan nan  57
20180904  768993 nan nan  58
20180904  768993 nan nan  59
20180904  768993 nan nan  60
20180904  768993 nan nan  61
20180904  768993 nan nan  62
20180904  768994 nan nan  53
20180904  768994 nan nan  54
20180904  768994 nan nan  55
20180904  768994 nan nan  57
20180904  768994 nan nan  58
20180904  768994 nan nan  59
20180904  768994 nan nan  60
20180904  768994 nan nan  61
20180904  768994 nan nan  62
20180904  768995 nan nan  53
20180904  768995 nan nan  54
20180904  768995 nan nan  55
20180904  768995 nan nan  57
20180904  768995 nan nan  58
20180904  768995 nan nan  59
20180904  768995 nan nan  60
20180904  768995 nan nan  61
20180904  768995 nan nan  62
20180904  768996 nan nan  53
20180904  768996 nan nan  54
20180904  768996 nan nan  55
20180904  768996 nan nan  57
20180904  768996 nan nan  58
20180904  768996 nan nan  59
20180904  768996 nan nan  60
20180904  768996 nan nan  61
20180904  768996 nan nan  62
20180904  768997 nan nan  53
20180904  768997 nan nan  54
20180904  768997 nan nan  55
20180904  768997 nan nan  57
20180904  768997 nan nan  58
20180904  768997 nan nan  59
20180904  768997 nan nan  60
20180904  768997 nan nan  61
20180904  768997 nan nan  62
20180904  768998 nan nan  53
20180904  768998 nan nan  54
20180904  768998 nan nan  55
20180904  768998 nan nan  57
20180904  768998 nan nan  58
20180904  768998 nan nan  59
20180904  768998 nan nan  60
20180904  768998 nan nan  61
20180904  768998 nan nan  62
20180904  768999 nan nan  53
20180904  768999 nan nan  54
20180904  768999 nan nan  55
20180904  768999 nan nan  57
20180904  768999 nan nan  58
20180904  768999 nan nan  59
20180904  768999 nan nan  60
20180904  768999 nan nan  61
20180904  768999 nan nan  62
20180904  769000 nan nan  53
20180904  769000 nan nan  54
20180904  769000 nan nan  55
20180904  769000 nan nan  57
20180904  769000 nan nan  58
20180904  769000 nan nan  59
20180904  769000 nan nan  60
20180904  769000 nan nan  61
20180904  769000 nan nan  62
20180904  769001 nan nan  53
20180904  769001 nan nan  54
20180904  769001 nan nan  55
20180904  769001 nan nan  57
20180904  769001 nan nan  58
20180904  769001 nan nan  59
20180904  769001 nan nan  60
20180904  769001 nan nan  61
20180904  769001 nan nan  62
20180904  769002 nan nan  53
20180904  769002 nan nan  54
20180904  769002 nan nan  55
20180904  769002 nan nan  57
20180904  769002 nan nan  58
20180904  769002 nan nan  59
20180904  769002 nan nan  60
20180904  769002 nan nan  61
20180904  769002 nan nan  62
20180904  769003 nan nan  53
20180904  769003 nan nan  54
20180904  769003 nan nan  55
20180904  769003 nan nan  57
20180904  769003 nan nan  58
20180904  769003 nan nan  59
20180904  769003 nan nan  60
20180904  769003 nan nan  61
20180904  769003 nan nan  62
20180904  769004 nan nan  53
20180904  769004 nan nan  54
20180904  769004 nan nan  55
20180904  769004 nan nan  57
20180904  769004 nan nan  58
20180904  769004 nan nan  59
20180904  769004 nan nan  60
20180904  769004 nan nan  61
20180904  769004 nan nan  62
20180904  769005 nan nan  53
20180904  769005 nan nan  54
20180904  769005 nan nan  55
20180904  769005 nan nan  57
20180904  769005 nan nan  58
20180904  769005 nan nan  59
20180904  769005 nan nan  60
20180904  769005 nan nan  61
20180904  769005 nan nan  62
20180904  769006 nan nan  53
20180904  769006 nan nan  54
20180904  769006 nan nan  55
20180904  769006 nan nan  57
20180904  769006 nan nan  58
20180904  769006 nan nan  59
20180904  769006 nan nan  60
20180904  769006 nan nan  61
20180904  769006 nan nan  62
20180904  769007 nan nan  53
20180904  769007 nan nan  54
20180904  769007 nan nan  55
20180904  769007 nan nan  57
20180904  769007 nan nan  58
20180904  769007 nan nan  59
20180904  769007 nan nan  60
20180904  769007 nan nan  61
20180904  769007 nan nan  62
20180904  769008 nan nan  53
20180904  769008 nan nan  54
20180904  769008 nan nan  55
20180904  769008 nan nan  57
20180904  769008 nan nan  58
20180904  769008 nan nan  59
20180904  769008 nan nan  60
20180904  769008 nan nan  61
20180904  769008 nan nan  62
20180904  769009 nan nan  53
20180904  769009 nan nan  54
20180904  769009 nan nan  55
20180904  769009 nan nan  57
20180904  769009 nan nan  58
20180904  769009 nan nan  59
20180904  769009 nan nan  60
20180904  769009 nan nan  61
20180904  769009 nan nan  62
20180904  769010 nan nan  53
20180904  769010 nan nan  54
20180904  769010 nan nan  55
20180904  769010 nan nan  57
20180904  769010 nan nan  58
20180904  769010 nan nan  59
20180904  769010 nan nan  60
20180904  769010 nan nan  61
20180904  769010 nan nan  62
20180904  769011 nan nan  53
20180904  769011 nan nan  54
20180904  769011 nan nan  55
20180904  769011 nan nan  57
20180904  769011 nan nan  58
20180904  769011 nan nan  59
20180904  769011 nan nan  60
20180904  769011 nan nan  61
20180904  769011 nan nan  62
20180904  769012 nan nan  53
20180904  769012 nan nan  54
20180904  769012 nan nan  55
20180904  769012 nan nan  57
20180904  769012 nan nan  58
20180904  769012 nan nan  59
20180904  769012 nan nan  60
20180904  769012 nan nan  61
20180904  769012 nan nan  62
20180904  769013 nan nan  53
20180904  769013 nan nan  54
20180904  769013 nan nan  55
20180904  769013 nan nan  57
20180904  769013 nan nan  58
20180904  769013 nan nan  59
20180904  769013 nan nan  60
20180904  769013 nan nan  61
20180904  769013 nan nan  62
20180904  769014 nan nan  53
20180904  769014 nan nan  54
20180904  769014 nan nan  55
20180904  769014 nan nan  57
20180904  769014 nan nan  58
20180904  769014 nan nan  59
20180904  769014 nan nan  60
20180904  769014 nan nan  61
20180904  769014 nan nan  62
20180904  769015 nan nan  53
20180904  769015 nan nan  54
20180904  769015 nan nan  55
20180904  769015 nan nan  57
20180904  769015 nan nan  58
20180904  769015 nan nan  59
20180904  769015 nan nan  60
20180904  769015 nan nan  61
20180904  769015 nan nan  62
20180904  769016 nan nan  53
20180904  769016 nan nan  54
20180904  769016 nan nan  55
20180904  769016 nan nan  57
20180904  769016 nan nan  58
20180904  769016 nan nan  59
20180904  769016 nan nan  60
20180904  769016 nan nan  61
20180904  769016 nan nan  62
20180904  769017 nan nan  53
20180904  769017 nan nan  54
20180904  769017 nan nan  55
20180904  769017 nan nan  57
20180904  769017 nan nan  58
20180904  769017 nan nan  59
20180904  769017 nan nan  60
20180904  769017 nan nan  61
20180904  769017 nan nan  62
20180904  769018 nan nan  53
20180904  769018 nan nan  54
20180904  769018 nan nan  55
20180904  769018 nan nan  57
20180904  769018 nan nan  58
20180904  769018 nan nan  59
20180904  769018 nan nan  60
20180904  769018 nan nan  61
20180904  769018 nan nan  62
20180904  769019 nan nan  53
20180904  769019 nan nan  54
20180904  769019 nan nan  55
20180904  769019 nan nan  57
20180904  769019 nan nan  58
20180904  769019 nan nan  59
20180904  769019 nan nan  60
20180904  769019 nan nan  61
20180904  769019 nan nan  62
20180904  769020 nan nan  53
20180904  769020 nan nan  54
20180904  769020 nan nan  55
20180904  769020 nan nan  57
20180904  769020 nan nan  58
20180904  769020 nan nan  59
20180904  769020 nan nan  60
20180904  769020 nan nan  61
20180904  769020 nan nan  62
20180904  769021 nan nan  53
20180904  769021 nan nan  54
20180904  769021 nan nan  55
20180904  769021 nan nan  57
20180904  769021 nan nan  58
20180904  769021 nan nan  59
20180904  769021 nan nan  60
20180904  769021 nan nan  61
20180904  769021 nan nan  62
20180904  769022 nan nan  53
20180904  769022 nan nan  54
20180904  769022 nan nan  55
20180904  769022 nan nan  57
20180904  769022 nan nan  58
20180904  769022 nan nan  59
20180904  769022 nan nan  60
20180904  769022 nan nan  61
20180904  769022 nan nan  62
20180904  769023 nan nan  53
20180904  769023 nan nan  54
20180904  769023 nan nan  55
20180904  769023 nan nan  57
20180904  769023 nan nan  58
20180904  769023 nan nan  59
20180904  769023 nan nan  60
20180904  769023 nan nan  61
20180904  769023 nan nan  62
20180904  769024 nan nan  53
20180904  769024 nan nan  54
20180904  769024 nan nan  55
20180904  769024 nan nan  57
20180904  769024 nan nan  58
20180904  769024 nan nan  59
20180904  769024 nan nan  60
20180904  769024 nan nan  61
20180904  769024 nan nan  62
20180904  769025 nan nan  53
20180904  769025 nan nan  54
20180904  769025 nan nan  55
20180904  769025 nan nan  57
20180904  769025 nan nan  58
20180904  769025 nan nan  59
20180904  769025 nan nan  60
20180904  769025 nan nan  61
20180904  769025 nan nan  62
20180904  769026 nan nan  53
20180904  769026 nan nan  54
20180904  769026 nan nan  55
20180904  769026 nan nan  57
20180904  769026 nan nan  58
20180904  769026 nan nan  59
20180904  769026 nan nan  60
20180904  769026 nan nan  61
20180904  769026 nan nan  62
20180904  769027 nan nan  53
20180904  769027 nan nan  54
20180904  769027 nan nan  55
20180904  769027 nan nan  57
20180904  769027 nan nan  58
20180904  769027 nan nan  59
20180904  769027 nan nan  60
20180904  769027 nan nan  61
20180904  769027 nan nan  62
20180904  769028 nan nan  53
20180904  769028 nan nan  54
20180904  769028 nan nan  55
20180904  769028 nan nan  57
20180904  769028 nan nan  58
20180904  769028 nan nan  59
20180904  769028 nan nan  60
20180904  769028 nan nan  61
20180904  769028 nan nan  62
20180904  769029 nan nan  53
20180904  769029 nan nan  54
20180904  769029 nan nan  55
20180904  769029 nan nan  57
20180904  769029 nan nan  58
20180904  769029 nan nan  59
20180904  769029 nan nan  60
20180904  769029 nan nan  61
20180904  769029 nan nan  62
20180904  769030 nan nan  53
20180904  769030 nan nan  54
20180904  769030 nan nan  55
20180904  769030 nan nan  57
20180904  769030 nan nan  58
20180904  769030 nan nan  59
20180904  769030 nan nan  60
20180904  769030 nan nan  61
20180904  769030 nan nan  62
20180904  769031 nan nan  53
20180904  769031 nan nan  54
20180904  769031 nan nan  55
20180904  769031 nan nan  57
20180904  769031 nan nan  58
20180904  769031 nan nan  59
20180904  769031 nan nan  60
20180904  769031 nan nan  61
20180904  769031 nan nan  62
20180904  769032 nan nan  53
20180904  769032 nan nan  54
20180904  769032 nan nan  55
20180904  769032 nan nan  57
20180904  769032 nan nan  58
20180904  769032 nan nan  59
20180904  769032 nan nan  60
20180904  769032 nan nan  61
20180904  769032 nan nan  62
20180904  769033 nan nan  53
20180904  769033 nan nan  54
20180904  769033 nan nan  55
20180904  769033 nan nan  57
20180904  769033 nan nan  58
20180904  769033 nan nan  59
20180904  769033 nan nan  60
20180904  769033 nan nan  61
20180904  769033 nan nan  62
20180904  769034 nan nan  53
20180904  769034 nan nan  54
20180904  769034 nan nan  55
20180904  769034 nan nan  57
20180904  769034 nan nan  58
20180904  769034 nan nan  59
20180904  769034 nan nan  60
20180904  769034 nan nan  61
20180904  769034 nan nan  62
20180904  769035 nan nan  53
20180904  769035 nan nan  54
20180904  769035 nan nan  55
20180904  769035 nan nan  57
20180904  769035 nan nan  58
20180904  769035 nan nan  59
20180904  769035 nan nan  60
20180904  769035 nan nan  61
20180904  769035 nan nan  62
20180904  769036 nan nan  53
20180904  769036 nan nan  54
20180904  769036 nan nan  55
20180904  769036 nan nan  57
20180904  769036 nan nan  58
20180904  769036 nan nan  59
20180904  769036 nan nan  60
20180904  769036 nan nan  61
20180904  769036 nan nan  62
20180904  769037 nan nan  53
20180904  769037 nan nan  54
20180904  769037 nan nan  55
20180904  769037 nan nan  57
20180904  769037 nan nan  58
20180904  769037 nan nan  59
20180904  769037 nan nan  60
20180904  769037 nan nan  61
20180904  769037 nan nan  62
20180904  769038 nan nan  53
20180904  769038 nan nan  54
20180904  769038 nan nan  55
20180904  769038 nan nan  57
20180904  769038 nan nan  58
20180904  769038 nan nan  59
20180904  769038 nan nan  60
20180904  769038 nan nan  61
20180904  769038 nan nan  62
20180904  769039 nan nan  53
20180904  769039 nan nan  54
20180904  769039 nan nan  55
20180904  769039 nan nan  57
20180904  769039 nan nan  58
20180904  769039 nan nan  59
20180904  769039 nan nan  60
20180904  769039 nan nan  61
20180904  769039 nan nan  62
20180904  769040 nan nan  53
20180904  769040 nan nan  54
20180904  769040 nan nan  55
20180904  769040 nan nan  57
20180904  769040 nan nan  58
20180904  769040 nan nan  59
20180904  769040 nan nan  60
20180904  769040 nan nan  61
20180904  769040 nan nan  62
20180904  769041 nan nan  53
20180904  769041 nan nan  54
20180904  769041 nan nan  55
20180904  769041 nan nan  57
20180904  769041 nan nan  58
20180904  769041 nan nan  59
20180904  769041 nan nan  60
20180904  769041 nan nan  61
20180904  769041 nan nan  62
20180904  769042 nan nan  53
20180904  769042 nan nan  54
20180904  769042 nan nan  55
20180904  769042 nan nan  57
20180904  769042 nan nan  58
20180904  769042 nan nan  59
20180904  769042 nan nan  60
20180904  769042 nan nan  61
20180904  769042 nan nan  62
20180904  769043 nan nan  53
20180904  769043 nan nan  54
20180904  769043 nan nan  55
20180904  769043 nan nan  57
20180904  769043 nan nan  58
20180904  769043 nan nan  59
20180904  769043 nan nan  60
20180904  769043 nan nan  61
20180904  769043 nan nan  62
20180904  769044 nan nan  53
20180904  769044 nan nan  54
20180904  769044 nan nan  55
20180904  769044 nan nan  57
20180904  769044 nan nan  58
20180904  769044 nan nan  59
20180904  769044 nan nan  60
20180904  769044 nan nan  61
20180904  769044 nan nan  62
20180904  769045 nan nan  53
20180904  769045 nan nan  54
20180904  769045 nan nan  55
20180904  769045 nan nan  57
20180904  769045 nan nan  58
20180904  769045 nan nan  59
20180904  769045 nan nan  60
20180904  769045 nan nan  61
20180904  769045 nan nan  62
20180904  769046 nan nan  53
20180904  769046 nan nan  54
20180904  769046 nan nan  55
20180904  769046 nan nan  57
20180904  769046 nan nan  58
20180904  769046 nan nan  59
20180904  769046 nan nan  60
20180904  769046 nan nan  61
20180904  769046 nan nan  62
20180904  769047 nan nan  53
20180904  769047 nan nan  54
20180904  769047 nan nan  55
20180904  769047 nan nan  57
20180904  769047 nan nan  58
20180904  769047 nan nan  59
20180904  769047 nan nan  60
20180904  769047 nan nan  61
20180904  769047 nan nan  62
20180904  769048 nan nan  53
20180904  769048 nan nan  54
20180904  769048 nan nan  55
20180904  769048 nan nan  57
20180904  769048 nan nan  58
20180904  769048 nan nan  59
20180904  769048 nan nan  60
20180904  769048 nan nan  61
20180904  769048 nan nan  62
20180904  769049 nan nan  53
20180904  769049 nan nan  54
20180904  769049 nan nan  55
20180904  769049 nan nan  57
20180904  769049 nan nan  58
20180904  769049 nan nan  59
20180904  769049 nan nan  60
20180904  769049 nan nan  61
20180904  769049 nan nan  62
20180904  769050 nan nan  53
20180904  769050 nan nan  54
20180904  769050 nan nan  55
20180904  769050 nan nan  57
20180904  769050 nan nan  58
20180904  769050 nan nan  59
20180904  769050 nan nan  60
20180904  769050 nan nan  61
20180904  769050 nan nan  62
20180904  769051 nan nan  53
20180904  769051 nan nan  54
20180904  769051 nan nan  55
20180904  769051 nan nan  57
20180904  769051 nan nan  58
20180904  769051 nan nan  59
20180904  769051 nan nan  60
20180904  769051 nan nan  61
20180904  769051 nan nan  62
20180904  769052 nan nan  53
20180904  769052 nan nan  54
20180904  769052 nan nan  55
20180904  769052 nan nan  57
20180904  769052 nan nan  58
20180904  769052 nan nan  59
20180904  769052 nan nan  60
20180904  769052 nan nan  61
20180904  769052 nan nan  62
20180904  769053 nan nan  53
20180904  769053 nan nan  54
20180904  769053 nan nan  55
20180904  769053 nan nan  57
20180904  769053 nan nan  58
20180904  769053 nan nan  59
20180904  769053 nan nan  60
20180904  769053 nan nan  61
20180904  769053 nan nan  62
20180904  769054 nan nan  53
20180904  769054 nan nan  54
20180904  769054 nan nan  55
20180904  769054 nan nan  57
20180904  769054 nan nan  58
20180904  769054 nan nan  59
20180904  769054 nan nan  60
20180904  769054 nan nan  61
20180904  769054 nan nan  62
20180904  769055 nan nan  53
20180904  769055 nan nan  54
20180904  769055 nan nan  55
20180904  769055 nan nan  57
20180904  769055 nan nan  58
20180904  769055 nan nan  59
20180904  769055 nan nan  60
20180904  769055 nan nan  61
20180904  769055 nan nan  62
20180904  769056 nan nan  53
20180904  769056 nan nan  54
20180904  769056 nan nan  55
20180904  769056 nan nan  57
20180904  769056 nan nan  58
20180904  769056 nan nan  59
20180904  769056 nan nan  60
20180904  769056 nan nan  61
20180904  769056 nan nan  62
20180904  769057 nan nan  53
20180904  769057 nan nan  54
20180904  769057 nan nan  55
20180904  769057 nan nan  57
20180904  769057 nan nan  58
20180904  769057 nan nan  59
20180904  769057 nan nan  60
20180904  769057 nan nan  61
20180904  769057 nan nan  62
20180904  769058 nan nan  53
20180904  769058 nan nan  54
20180904  769058 nan nan  55
20180904  769058 nan nan  57
20180904  769058 nan nan  58
20180904  769058 nan nan  59
20180904  769058 nan nan  60
20180904  769058 nan nan  61
20180904  769058 nan nan  62
20180904  769059 nan nan  53
20180904  769059 nan nan  54
20180904  769059 nan nan  55
20180904  769059 nan nan  57
20180904  769059 nan nan  58
20180904  769059 nan nan  59
20180904  769059 nan nan  60
20180904  769059 nan nan  61
20180904  769059 nan nan  62
20180904  769060 nan nan  53
20180904  769060 nan nan  54
20180904  769060 nan nan  55
20180904  769060 nan nan  57
20180904  769060 nan nan  58
20180904  769060 nan nan  59
20180904  769060 nan nan  60
20180904  769060 nan nan  61
20180904  769060 nan nan  62
20180904  769061 nan nan  53
20180904  769061 nan nan  54
20180904  769061 nan nan  55
20180904  769061 nan nan  57
20180904  769061 nan nan  58
20180904  769061 nan nan  59
20180904  769061 nan nan  60
20180904  769061 nan nan  61
20180904  769061 nan nan  62
20180904  769062 nan nan  53
20180904  769062 nan nan  54
20180904  769062 nan nan  55
20180904  769062 nan nan  57
20180904  769062 nan nan  58
20180904  769062 nan nan  59
20180904  769062 nan nan  60
20180904  769062 nan nan  61
20180904  769062 nan nan  62
20180904  769063 nan nan  53
20180904  769063 nan nan  54
20180904  769063 nan nan  55
20180904  769063 nan nan  57
20180904  769063 nan nan  58
20180904  769063 nan nan  59
20180904  769063 nan nan  60
20180904  769063 nan nan  61
20180904  769063 nan nan  62
20180904  769064 nan nan  53
20180904  769064 nan nan  54
20180904  769064 nan nan  55
20180904  769064 nan nan  57
20180904  769064 nan nan  58
20180904  769064 nan nan  59
20180904  769064 nan nan  60
20180904  769064 nan nan  61
20180904  769064 nan nan  62
20180904  769065 nan nan  53
20180904  769065 nan nan  54
20180904  769065 nan nan  55
20180904  769065 nan nan  57
20180904  769065 nan nan  58
20180904  769065 nan nan  59
20180904  769065 nan nan  60
20180904  769065 nan nan  61
20180904  769065 nan nan  62
20180904  769066 nan nan  53
20180904  769066 nan nan  54
20180904  769066 nan nan  55
20180904  769066 nan nan  57
20180904  769066 nan nan  58
20180904  769066 nan nan  59
20180904  769066 nan nan  60
20180904  769066 nan nan  61
20180904  769066 nan nan  62
20180904  769067 nan nan  53
20180904  769067 nan nan  54
20180904  769067 nan nan  55
20180904  769067 nan nan  57
20180904  769067 nan nan  58
20180904  769067 nan nan  59
20180904  769067 nan nan  60
20180904  769067 nan nan  61
20180904  769067 nan nan  62
20180904  769068 nan nan  53
20180904  769068 nan nan  54
20180904  769068 nan nan  55
20180904  769068 nan nan  57
20180904  769068 nan nan  58
20180904  769068 nan nan  59
20180904  769068 nan nan  60
20180904  769068 nan nan  61
20180904  769068 nan nan  62
20180904  769069 nan nan  53
20180904  769069 nan nan  54
20180904  769069 nan nan  55
20180904  769069 nan nan  57
20180904  769069 nan nan  58
20180904  769069 nan nan  59
20180904  769069 nan nan  60
20180904  769069 nan nan  61
20180904  769069 nan nan  62
20180904  769070 nan nan  53
20180904  769070 nan nan  54
20180904  769070 nan nan  55
20180904  769070 nan nan  57
20180904  769070 nan nan  58
20180904  769070 nan nan  59
20180904  769070 nan nan  60
20180904  769070 nan nan  61
20180904  769070 nan nan  62
20180904  769071 nan nan  53
20180904  769071 nan nan  54
20180904  769071 nan nan  55
20180904  769071 nan nan  57
20180904  769071 nan nan  58
20180904  769071 nan nan  59
20180904  769071 nan nan  60
20180904  769071 nan nan  61
20180904  769071 nan nan  62
20180904  769072 nan nan  53
20180904  769072 nan nan  54
20180904  769072 nan nan  55
20180904  769072 nan nan  57
20180904  769072 nan nan  58
20180904  769072 nan nan  59
20180904  769072 nan nan  60
20180904  769072 nan nan  61
20180904  769072 nan nan  62
20180904  769073 nan nan  53
20180904  769073 nan nan  54
20180904  769073 nan nan  55
20180904  769073 nan nan  57
20180904  769073 nan nan  58
20180904  769073 nan nan  59
20180904  769073 nan nan  60
20180904  769073 nan nan  61
20180904  769073 nan nan  62
20180904  769074 nan nan  53
20180904  769074 nan nan  54
20180904  769074 nan nan  55
20180904  769074 nan nan  57
20180904  769074 nan nan  58
20180904  769074 nan nan  59
20180904  769074 nan nan  60
20180904  769074 nan nan  61
20180904  769074 nan nan  62
20180904  769075 nan nan  53
20180904  769075 nan nan  54
20180904  769075 nan nan  55
20180904  769075 nan nan  57
20180904  769075 nan nan  58
20180904  769075 nan nan  59
20180904  769075 nan nan  60
20180904  769075 nan nan  61
20180904  769075 nan nan  62
20180904  769076 nan nan  53
20180904  769076 nan nan  54
20180904  769076 nan nan  55
20180904  769076 nan nan  57
20180904  769076 nan nan  58
20180904  769076 nan nan  59
20180904  769076 nan nan  60
20180904  769076 nan nan  61
20180904  769076 nan nan  62
20180904  769077 nan nan  53
20180904  769077 nan nan  54
20180904  769077 nan nan  55
20180904  769077 nan nan  57
20180904  769077 nan nan  58
20180904  769077 nan nan  59
20180904  769077 nan nan  60
20180904  769077 nan nan  61
20180904  769077 nan nan  62
20180904  769078 nan nan  53
20180904  769078 nan nan  54
20180904  769078 nan nan  55
20180904  769078 nan nan  57
20180904  769078 nan nan  58
20180904  769078 nan nan  59
20180904  769078 nan nan  60
20180904  769078 nan nan  61
20180904  769078 nan nan  62
20180904  769079 nan nan  53
20180904  769079 nan nan  54
20180904  769079 nan nan  55
20180904  769079 nan nan  57
20180904  769079 nan nan  58
20180904  769079 nan nan  59
20180904  769079 nan nan  60
20180904  769079 nan nan  61
20180904  769079 nan nan  62
20180904  769080 nan nan  53
20180904  769080 nan nan  54
20180904  769080 nan nan  55
20180904  769080 nan nan  57
20180904  769080 nan nan  58
20180904  769080 nan nan  59
20180904  769080 nan nan  60
20180904  769080 nan nan  61
20180904  769080 nan nan  62
20180904  769081 nan nan  53
20180904  769081 nan nan  54
20180904  769081 nan nan  55
20180904  769081 nan nan  57
20180904  769081 nan nan  58
20180904  769081 nan nan  59
20180904  769081 nan nan  60
20180904  769081 nan nan  61
20180904  769081 nan nan  62
20180904  769082 nan nan  53
20180904  769082 nan nan  54
20180904  769082 nan nan  55
20180904  769082 nan nan  57
20180904  769082 nan nan  58
20180904  769082 nan nan  59
20180904  769082 nan nan  60
20180904  769082 nan nan  61
20180904  769082 nan nan  62
20180904  769083 nan nan  53
20180904  769083 nan nan  54
20180904  769083 nan nan  55
20180904  769083 nan nan  57
20180904  769083 nan nan  58
20180904  769083 nan nan  59
20180904  769083 nan nan  60
20180904  769083 nan nan  61
20180904  769083 nan nan  62
20180904  769084 nan nan  53
20180904  769084 nan nan  54
20180904  769084 nan nan  55
20180904  769084 nan nan  57
20180904  769084 nan nan  58
20180904  769084 nan nan  59
20180904  769084 nan nan  60
20180904  769084 nan nan  61
20180904  769084 nan nan  62
20180904  769085 nan nan  53
20180904  769085 nan nan  54
20180904  769085 nan nan  55
20180904  769085 nan nan  57
20180904  769085 nan nan  58
20180904  769085 nan nan  59
20180904  769085 nan nan  60
20180904  769085 nan nan  61
20180904  769085 nan nan  62
20180904  769086 nan nan  53
20180904  769086 nan nan  54
20180904  769086 nan nan  55
20180904  769086 nan nan  57
20180904  769086 nan nan  58
20180904  769086 nan nan  59
20180904  769086 nan nan  60
20180904  769086 nan nan  61
20180904  769086 nan nan  62
20180904  769087 nan nan  53
20180904  769087 nan nan  54
20180904  769087 nan nan  55
20180904  769087 nan nan  57
20180904  769087 nan nan  58
20180904  769087 nan nan  59
20180904  769087 nan nan  60
20180904  769087 nan nan  61
20180904  769087 nan nan  62
20180904  769088 nan nan  53
20180904  769088 nan nan  54
20180904  769088 nan nan  55
20180904  769088 nan nan  57
20180904  769088 nan nan  58
20180904  769088 nan nan  59
20180904  769088 nan nan  60
20180904  769088 nan nan  61
20180904  769088 nan nan  62
20180904  769089 nan nan  53
20180904  769089 nan nan  54
20180904  769089 nan nan  55
20180904  769089 nan nan  57
20180904  769089 nan nan  58
20180904  769089 nan nan  59
20180904  769089 nan nan  60
20180904  769089 nan nan  61
20180904  769089 nan nan  62
20180904  769090 nan nan  53
20180904  769090 nan nan  54
20180904  769090 nan nan  55
20180904  769090 nan nan  57
20180904  769090 nan nan  58
20180904  769090 nan nan  59
20180904  769090 nan nan  60
20180904  769090 nan nan  61
20180904  769090 nan nan  62
20180904  769091 nan nan  53
20180904  769091 nan nan  54
20180904  769091 nan nan  55
20180904  769091 nan nan  57
20180904  769091 nan nan  58
20180904  769091 nan nan  59
20180904  769091 nan nan  60
20180904  769091 nan nan  61
20180904  769091 nan nan  62
20180904  769092 nan nan  53
20180904  769092 nan nan  54
20180904  769092 nan nan  55
20180904  769092 nan nan  57
20180904  769092 nan nan  58
20180904  769092 nan nan  59
20180904  769092 nan nan  60
20180904  769092 nan nan  61
20180904  769092 nan nan  62
20180904  769093 nan nan  53
20180904  769093 nan nan  54
20180904  769093 nan nan  55
20180904  769093 nan nan  57
20180904  769093 nan nan  58
20180904  769093 nan nan  59
20180904  769093 nan nan  60
20180904  769093 nan nan  61
20180904  769093 nan nan  62
20180904  769094 nan nan  53
20180904  769094 nan nan  54
20180904  769094 nan nan  55
20180904  769094 nan nan  57
20180904  769094 nan nan  58
20180904  769094 nan nan  59
20180904  769094 nan nan  60
20180904  769094 nan nan  61
20180904  769094 nan nan  62
20180904  769095 nan nan  53
20180904  769095 nan nan  54
20180904  769095 nan nan  55
20180904  769095 nan nan  57
20180904  769095 nan nan  58
20180904  769095 nan nan  59
20180904  769095 nan nan  60
20180904  769095 nan nan  61
20180904  769095 nan nan  62
20180904  769096 nan nan  53
20180904  769096 nan nan  54
20180904  769096 nan nan  55
20180904  769096 nan nan  57
20180904  769096 nan nan  58
20180904  769096 nan nan  59
20180904  769096 nan nan  60
20180904  769096 nan nan  61
20180904  769096 nan nan  62
20180904  769097 nan nan  53
20180904  769097 nan nan  54
20180904  769097 nan nan  55
20180904  769097 nan nan  57
20180904  769097 nan nan  58
20180904  769097 nan nan  59
20180904  769097 nan nan  60
20180904  769097 nan nan  61
20180904  769097 nan nan  62
20180904  769098 nan nan  53
20180904  769098 nan nan  54
20180904  769098 nan nan  55
20180904  769098 nan nan  57
20180904  769098 nan nan  58
20180904  769098 nan nan  59
20180904  769098 nan nan  60
20180904  769098 nan nan  61
20180904  769098 nan nan  62
20180904  769099 nan nan  53
20180904  769099 nan nan  54
20180904  769099 nan nan  55
20180904  769099 nan nan  57
20180904  769099 nan nan  58
20180904  769099 nan nan  59
20180904  769099 nan nan  60
20180904  769099 nan nan  61
20180904  769099 nan nan  62
20180904  769100 nan nan  53
20180904  769100 nan nan  54
20180904  769100 nan nan  55
20180904  769100 nan nan  57
20180904  769100 nan nan  58
20180904  769100 nan nan  59
20180904  769100 nan nan  60
20180904  769100 nan nan  61
20180904  769100 nan nan  62
20180904  769101 nan nan  53
20180904  769101 nan nan  54
20180904  769101 nan nan  55
20180904  769101 nan nan  57
20180904  769101 nan nan  58
20180904  769101 nan nan  59
20180904  769101 nan nan  60
20180904  769101 nan nan  61
20180904  769101 nan nan  62
20180904  769102 nan nan  53
20180904  769102 nan nan  54
20180904  769102 nan nan  55
20180904  769102 nan nan  57
20180904  769102 nan nan  58
20180904  769102 nan nan  59
20180904  769102 nan nan  60
20180904  769102 nan nan  61
20180904  769102 nan nan  62
20180904  769103 nan nan  53
20180904  769103 nan nan  54
20180904  769103 nan nan  55
20180904  769103 nan nan  57
20180904  769103 nan nan  58
20180904  769103 nan nan  59
20180904  769103 nan nan  60
20180904  769103 nan nan  61
20180904  769103 nan nan  62
20180904  769104 nan nan  53
20180904  769104 nan nan  54
20180904  769104 nan nan  55
20180904  769104 nan nan  57
20180904  769104 nan nan  58
20180904  769104 nan nan  59
20180904  769104 nan nan  60
20180904  769104 nan nan  61
20180904  769104 nan nan  62
20180904  769105 nan nan  53
20180904  769105 nan nan  54
20180904  769105 nan nan  55
20180904  769105 nan nan  57
20180904  769105 nan nan  58
20180904  769105 nan nan  59
20180904  769105 nan nan  60
20180904  769105 nan nan  61
20180904  769105 nan nan  62
20180904  769106 nan nan  53
20180904  769106 nan nan  54
20180904  769106 nan nan  55
20180904  769106 nan nan  57
20180904  769106 nan nan  58
20180904  769106 nan nan  59
20180904  769106 nan nan  60
20180904  769106 nan nan  61
20180904  769106 nan nan  62
20180904  769107 nan nan  53
20180904  769107 nan nan  54
20180904  769107 nan nan  55
20180904  769107 nan nan  57
20180904  769107 nan nan  58
20180904  769107 nan nan  59
20180904  769107 nan nan  60
20180904  769107 nan nan  61
20180904  769107 nan nan  62
20180904  769108 nan nan  53
20180904  769108 nan nan  54
20180904  769108 nan nan  55
20180904  769108 nan nan  57
20180904  769108 nan nan  58
20180904  769108 nan nan  59
20180904  769108 nan nan  60
20180904  769108 nan nan  61
20180904  769108 nan nan  62
20180904  769109 nan nan  53
20180904  769109 nan nan  54
20180904  769109 nan nan  55
20180904  769109 nan nan  57
20180904  769109 nan nan  58
20180904  769109 nan nan  59
20180904  769109 nan nan  60
20180904  769109 nan nan  61
20180904  769109 nan nan  62
20180904  769110 nan nan  53
20180904  769110 nan nan  54
20180904  769110 nan nan  55
20180904  769110 nan nan  57
20180904  769110 nan nan  58
20180904  769110 nan nan  59
20180904  769110 nan nan  60
20180904  769110 nan nan  61
20180904  769110 nan nan  62
20180904  769111 nan nan  53
20180904  769111 nan nan  54
20180904  769111 nan nan  55
20180904  769111 nan nan  57
20180904  769111 nan nan  58
20180904  769111 nan nan  59
20180904  769111 nan nan  60
20180904  769111 nan nan  61
20180904  769111 nan nan  62
20180904  769112 nan nan  53
20180904  769112 nan nan  54
20180904  769112 nan nan  55
20180904  769112 nan nan  57
20180904  769112 nan nan  58
20180904  769112 nan nan  59
20180904  769112 nan nan  60
20180904  769112 nan nan  61
20180904  769112 nan nan  62
20180904  769113 nan nan  53
20180904  769113 nan nan  54
20180904  769113 nan nan  55
20180904  769113 nan nan  57
20180904  769113 nan nan  58
20180904  769113 nan nan  59
20180904  769113 nan nan  60
20180904  769113 nan nan  61
20180904  769113 nan nan  62
20180904  769114 nan nan  53
20180904  769114 nan nan  54
20180904  769114 nan nan  55
20180904  769114 nan nan  57
20180904  769114 nan nan  58
20180904  769114 nan nan  59
20180904  769114 nan nan  60
20180904  769114 nan nan  61
20180904  769114 nan nan  62
20180904  769115 nan nan  53
20180904  769115 nan nan  54
20180904  769115 nan nan  55
20180904  769115 nan nan  57
20180904  769115 nan nan  58
20180904  769115 nan nan  59
20180904  769115 nan nan  60
20180904  769115 nan nan  61
20180904  769115 nan nan  62
20180904  769116 nan nan  53
20180904  769116 nan nan  54
20180904  769116 nan nan  55
20180904  769116 nan nan  57
20180904  769116 nan nan  58
20180904  769116 nan nan  59
20180904  769116 nan nan  60
20180904  769116 nan nan  61
20180904  769116 nan nan  62
20180904  769117 nan nan  53
20180904  769117 nan nan  54
20180904  769117 nan nan  55
20180904  769117 nan nan  57
20180904  769117 nan nan  58
20180904  769117 nan nan  59
20180904  769117 nan nan  60
20180904  769117 nan nan  61
20180904  769117 nan nan  62
20180904  769118 nan nan  53
20180904  769118 nan nan  54
20180904  769118 nan nan  55
20180904  769118 nan nan  57
20180904  769118 nan nan  58
20180904  769118 nan nan  59
20180904  769118 nan nan  60
20180904  769118 nan nan  61
20180904  769118 nan nan  62
20180904  769119 nan nan  53
20180904  769119 nan nan  54
20180904  769119 nan nan  55
20180904  769119 nan nan  57
20180904  769119 nan nan  58
20180904  769119 nan nan  59
20180904  769119 nan nan  60
20180904  769119 nan nan  61
20180904  769119 nan nan  62
20180904  769120 nan nan  53
20180904  769120 nan nan  54
20180904  769120 nan nan  55
20180904  769120 nan nan  57
20180904  769120 nan nan  58
20180904  769120 nan nan  59
20180904  769120 nan nan  60
20180904  769120 nan nan  61
20180904  769120 nan nan  62
20180904  769121 nan nan  53
20180904  769121 nan nan  54
20180904  769121 nan nan  55
20180904  769121 nan nan  57
20180904  769121 nan nan  58
20180904  769121 nan nan  59
20180904  769121 nan nan  60
20180904  769121 nan nan  61
20180904  769121 nan nan  62
20180904  769122 nan nan  53
20180904  769122 nan nan  54
20180904  769122 nan nan  55
20180904  769122 nan nan  57
20180904  769122 nan nan  58
20180904  769122 nan nan  59
20180904  769122 nan nan  60
20180904  769122 nan nan  61
20180904  769122 nan nan  62
20180904  769123 nan nan  53
20180904  769123 nan nan  54
20180904  769123 nan nan  55
20180904  769123 nan nan  57
20180904  769123 nan nan  58
20180904  769123 nan nan  59
20180904  769123 nan nan  60
20180904  769123 nan nan  61
20180904  769123 nan nan  62
20180904  769124 nan nan  53
20180904  769124 nan nan  54
20180904  769124 nan nan  55
20180904  769124 nan nan  57
20180904  769124 nan nan  58
20180904  769124 nan nan  59
20180904  769124 nan nan  60
20180904  769124 nan nan  61
20180904  769124 nan nan  62
20180904  769125 nan nan  53
20180904  769125 nan nan  54
20180904  769125 nan nan  55
20180904  769125 nan nan  57
20180904  769125 nan nan  58
20180904  769125 nan nan  59
20180904  769125 nan nan  60
20180904  769125 nan nan  61
20180904  769125 nan nan  62
20180904  769126 nan nan  53
20180904  769126 nan nan  54
20180904  769126 nan nan  55
20180904  769126 nan nan  57
20180904  769126 nan nan  58
20180904  769126 nan nan  59
20180904  769126 nan nan  60
20180904  769126 nan nan  61
20180904  769126 nan nan  62
20180904  769127 nan nan  53
20180904  769127 nan nan  54
20180904  769127 nan nan  55
20180904  769127 nan nan  57
20180904  769127 nan nan  58
20180904  769127 nan nan  59
20180904  769127 nan nan  60
20180904  769127 nan nan  61
20180904  769127 nan nan  62
20180904  769128 nan nan  53
20180904  769128 nan nan  54
20180904  769128 nan nan  55
20180904  769128 nan nan  57
20180904  769128 nan nan  58
20180904  769128 nan nan  59
20180904  769128 nan nan  60
20180904  769128 nan nan  61
20180904  769128 nan nan  62
20180904  769129 nan nan  53
20180904  769129 nan nan  54
20180904  769129 nan nan  55
20180904  769129 nan nan  57
20180904  769129 nan nan  58
20180904  769129 nan nan  59
20180904  769129 nan nan  60
20180904  769129 nan nan  61
20180904  769129 nan nan  62
20180904  769130 nan nan  53
20180904  769130 nan nan  54
20180904  769130 nan nan  55
20180904  769130 nan nan  57
20180904  769130 nan nan  58
20180904  769130 nan nan  59
20180904  769130 nan nan  60
20180904  769130 nan nan  61
20180904  769130 nan nan  62
20180904  769131 nan nan  53
20180904  769131 nan nan  54
20180904  769131 nan nan  55
20180904  769131 nan nan  57
20180904  769131 nan nan  58
20180904  769131 nan nan  59
20180904  769131 nan nan  60
20180904  769131 nan nan  61
20180904  769131 nan nan  62
20180904  769132 nan nan  53
20180904  769132 nan nan  54
20180904  769132 nan nan  55
20180904  769132 nan nan  57
20180904  769132 nan nan  58
20180904  769132 nan nan  59
20180904  769132 nan nan  60
20180904  769132 nan nan  61
20180904  769132 nan nan  62
20180904  769133 nan nan  53
20180904  769133 nan nan  54
20180904  769133 nan nan  55
20180904  769133 nan nan  57
20180904  769133 nan nan  58
20180904  769133 nan nan  59
20180904  769133 nan nan  60
20180904  769133 nan nan  61
20180904  769133 nan nan  62
20180904  769134 nan nan  53
20180904  769134 nan nan  54
20180904  769134 nan nan  55
20180904  769134 nan nan  57
20180904  769134 nan nan  58
20180904  769134 nan nan  59
20180904  769134 nan nan  60
20180904  769134 nan nan  61
20180904  769134 nan nan  62
20180904  769135 nan nan  53
20180904  769135 nan nan  54
20180904  769135 nan nan  55
20180904  769135 nan nan  57
20180904  769135 nan nan  58
20180904  769135 nan nan  59
20180904  769135 nan nan  60
20180904  769135 nan nan  61
20180904  769135 nan nan  62
20180904  769136 nan nan  53
20180904  769136 nan nan  54
20180904  769136 nan nan  55
20180904  769136 nan nan  57
20180904  769136 nan nan  58
20180904  769136 nan nan  59
20180904  769136 nan nan  60
20180904  769136 nan nan  61
20180904  769136 nan nan  62
20180904  769137 nan nan  53
20180904  769137 nan nan  54
20180904  769137 nan nan  55
20180904  769137 nan nan  57
20180904  769137 nan nan  58
20180904  769137 nan nan  59
20180904  769137 nan nan  60
20180904  769137 nan nan  61
20180904  769137 nan nan  62
20180904  769138 nan nan  53
20180904  769138 nan nan  54
20180904  769138 nan nan  55
20180904  769138 nan nan  57
20180904  769138 nan nan  58
20180904  769138 nan nan  59
20180904  769138 nan nan  60
20180904  769138 nan nan  61
20180904  769138 nan nan  62
20180904  769139 nan nan  53
20180904  769139 nan nan  54
20180904  769139 nan nan  55
20180904  769139 nan nan  57
20180904  769139 nan nan  58
20180904  769139 nan nan  59
20180904  769139 nan nan  60
20180904  769139 nan nan  61
20180904  769139 nan nan  62
20180904  769140 nan nan  53
20180904  769140 nan nan  54
20180904  769140 nan nan  55
20180904  769140 nan nan  57
20180904  769140 nan nan  58
20180904  769140 nan nan  59
20180904  769140 nan nan  60
20180904  769140 nan nan  61
20180904  769140 nan nan  62
20180904  769141 nan nan  53
20180904  769141 nan nan  54
20180904  769141 nan nan  55
20180904  769141 nan nan  57
20180904  769141 nan nan  58
20180904  769141 nan nan  59
20180904  769141 nan nan  60
20180904  769141 nan nan  61
20180904  769141 nan nan  62
20180904  769142 nan nan  53
20180904  769142 nan nan  54
20180904  769142 nan nan  55
20180904  769142 nan nan  57
20180904  769142 nan nan  58
20180904  769142 nan nan  59
20180904  769142 nan nan  60
20180904  769142 nan nan  61
20180904  769142 nan nan  62
20180904  769143 nan nan  53
20180904  769143 nan nan  54
20180904  769143 nan nan  55
20180904  769143 nan nan  57
20180904  769143 nan nan  58
20180904  769143 nan nan  59
20180904  769143 nan nan  60
20180904  769143 nan nan  61
20180904  769143 nan nan  62
20180904  769144 nan nan  53
20180904  769144 nan nan  54
20180904  769144 nan nan  55
20180904  769144 nan nan  57
20180904  769144 nan nan  58
20180904  769144 nan nan  59
20180904  769144 nan nan  60
20180904  769144 nan nan  61
20180904  769144 nan nan  62
20180904  769145 nan nan  53
20180904  769145 nan nan  54
20180904  769145 nan nan  55
20180904  769145 nan nan  57
20180904  769145 nan nan  58
20180904  769145 nan nan  59
20180904  769145 nan nan  60
20180904  769145 nan nan  61
20180904  769145 nan nan  62
20180904  769146 nan nan  53
20180904  769146 nan nan  54
20180904  769146 nan nan  55
20180904  769146 nan nan  57
20180904  769146 nan nan  58
20180904  769146 nan nan  59
20180904  769146 nan nan  60
20180904  769146 nan nan  61
20180904  769146 nan nan  62
20180904  769147 nan nan  53
20180904  769147 nan nan  54
20180904  769147 nan nan  55
20180904  769147 nan nan  57
20180904  769147 nan nan  58
20180904  769147 nan nan  59
20180904  769147 nan nan  60
20180904  769147 nan nan  61
20180904  769147 nan nan  62
20180904  769148 nan nan  53
20180904  769148 nan nan  54
20180904  769148 nan nan  55
20180904  769148 nan nan  57
20180904  769148 nan nan  58
20180904  769148 nan nan  59
20180904  769148 nan nan  60
20180904  769148 nan nan  61
20180904  769148 nan nan  62
20180904  769149 nan nan  53
20180904  769149 nan nan  54
20180904  769149 nan nan  55
20180904  769149 nan nan  57
20180904  769149 nan nan  58
20180904  769149 nan nan  59
20180904  769149 nan nan  60
20180904  769149 nan nan  61
20180904  769149 nan nan  62
20180904  769150 nan nan  53
20180904  769150 nan nan  54
20180904  769150 nan nan  55
20180904  769150 nan nan  57
20180904  769150 nan nan  58
20180904  769150 nan nan  59
20180904  769150 nan nan  60
20180904  769150 nan nan  61
20180904  769150 nan nan  62
20180904  769151 nan nan  53
20180904  769151 nan nan  54
20180904  769151 nan nan  55
20180904  769151 nan nan  57
20180904  769151 nan nan  58
20180904  769151 nan nan  59
20180904  769151 nan nan  60
20180904  769151 nan nan  61
20180904  769151 nan nan  62
20180904  769152 nan nan  53
20180904  769152 nan nan  54
20180904  769152 nan nan  55
20180904  769152 nan nan  57
20180904  769152 nan nan  58
20180904  769152 nan nan  59
20180904  769152 nan nan  60
20180904  769152 nan nan  61
20180904  769152 nan nan  62
20180904  769153 nan nan  53
20180904  769153 nan nan  54
20180904  769153 nan nan  55
20180904  769153 nan nan  57
20180904  769153 nan nan  58
20180904  769153 nan nan  59
20180904  769153 nan nan  60
20180904  769153 nan nan  61
20180904  769153 nan nan  62
20180904  769154 nan nan  53
20180904  769154 nan nan  54
20180904  769154 nan nan  55
20180904  769154 nan nan  57
20180904  769154 nan nan  58
20180904  769154 nan nan  59
20180904  769154 nan nan  60
20180904  769154 nan nan  61
20180904  769154 nan nan  62
20180904  769155 nan nan  53
20180904  769155 nan nan  54
20180904  769155 nan nan  55
20180904  769155 nan nan  57
20180904  769155 nan nan  58
20180904  769155 nan nan  59
20180904  769155 nan nan  60
20180904  769155 nan nan  61
20180904  769155 nan nan  62
20180904  769156 nan nan  53
20180904  769156 nan nan  54
20180904  769156 nan nan  55
20180904  769156 nan nan  57
20180904  769156 nan nan  58
20180904  769156 nan nan  59
20180904  769156 nan nan  60
20180904  769156 nan nan  61
20180904  769156 nan nan  62
20180904  769157 nan nan  53
20180904  769157 nan nan  54
20180904  769157 nan nan  55
20180904  769157 nan nan  57
20180904  769157 nan nan  58
20180904  769157 nan nan  59
20180904  769157 nan nan  60
20180904  769157 nan nan  61
20180904  769157 nan nan  62
20180904  769158 nan nan  53
20180904  769158 nan nan  54
20180904  769158 nan nan  55
20180904  769158 nan nan  57
20180904  769158 nan nan  58
20180904  769158 nan nan  59
20180904  769158 nan nan  60
20180904  769158 nan nan  61
20180904  769158 nan nan  62
20180904  769159 nan nan  53
20180904  769159 nan nan  54
20180904  769159 nan nan  55
20180904  769159 nan nan  57
20180904  769159 nan nan  58
20180904  769159 nan nan  59
20180904  769159 nan nan  60
20180904  769159 nan nan  61
20180904  769159 nan nan  62
20180904  769160 nan nan  53
20180904  769160 nan nan  54
20180904  769160 nan nan  55
20180904  769160 nan nan  57
20180904  769160 nan nan  58
20180904  769160 nan nan  59
20180904  769160 nan nan  60
20180904  769160 nan nan  61
20180904  769160 nan nan  62
20180904  769161 nan nan  53
20180904  769161 nan nan  54
20180904  769161 nan nan  55
20180904  769161 nan nan  57
20180904  769161 nan nan  58
20180904  769161 nan nan  59
20180904  769161 nan nan  60
20180904  769161 nan nan  61
20180904  769161 nan nan  62
20180904  769162 nan nan  53
20180904  769162 nan nan  54
20180904  769162 nan nan  55
20180904  769162 nan nan  57
20180904  769162 nan nan  58
20180904  769162 nan nan  59
20180904  769162 nan nan  60
20180904  769162 nan nan  61
20180904  769162 nan nan  62
20180904  769163 nan nan  53
20180904  769163 nan nan  54
20180904  769163 nan nan  55
20180904  769163 nan nan  57
20180904  769163 nan nan  58
20180904  769163 nan nan  59
20180904  769163 nan nan  60
20180904  769163 nan nan  61
20180904  769163 nan nan  62
20180904  769164 nan nan  53
20180904  769164 nan nan  54
20180904  769164 nan nan  55
20180904  769164 nan nan  57
20180904  769164 nan nan  58
20180904  769164 nan nan  59
20180904  769164 nan nan  60
20180904  769164 nan nan  61
20180904  769164 nan nan  62
20180904  769165 nan nan  53
20180904  769165 nan nan  54
20180904  769165 nan nan  55
20180904  769165 nan nan  57
20180904  769165 nan nan  58
20180904  769165 nan nan  59
20180904  769165 nan nan  60
20180904  769165 nan nan  61
20180904  769165 nan nan  62
20180904  769166 nan nan  53
20180904  769166 nan nan  54
20180904  769166 nan nan  55
20180904  769166 nan nan  57
20180904  769166 nan nan  58
20180904  769166 nan nan  59
20180904  769166 nan nan  60
20180904  769166 nan nan  61
20180904  769166 nan nan  62
20180904  769167 nan nan  53
20180904  769167 nan nan  54
20180904  769167 nan nan  55
20180904  769167 nan nan  57
20180904  769167 nan nan  58
20180904  769167 nan nan  59
20180904  769167 nan nan  60
20180904  769167 nan nan  61
20180904  769167 nan nan  62
20180904  769168 nan nan  53
20180904  769168 nan nan  54
20180904  769168 nan nan  55
20180904  769168 nan nan  57
20180904  769168 nan nan  58
20180904  769168 nan nan  59
20180904  769168 nan nan  60
20180904  769168 nan nan  61
20180904  769168 nan nan  62
20180904  769169 nan nan  53
20180904  769169 nan nan  54
20180904  769169 nan nan  55
20180904  769169 nan nan  57
20180904  769169 nan nan  58
20180904  769169 nan nan  59
20180904  769169 nan nan  60
20180904  769169 nan nan  61
20180904  769169 nan nan  62
20180904  769170 nan nan  53
20180904  769170 nan nan  54
20180904  769170 nan nan  55
20180904  769170 nan nan  57
20180904  769170 nan nan  58
20180904  769170 nan nan  59
20180904  769170 nan nan  60
20180904  769170 nan nan  61
20180904  769170 nan nan  62
20180904  769171 nan nan  53
20180904  769171 nan nan  54
20180904  769171 nan nan  55
20180904  769171 nan nan  57
20180904  769171 nan nan  58
20180904  769171 nan nan  59
20180904  769171 nan nan  60
20180904  769171 nan nan  61
20180904  769171 nan nan  62
20180904  769172 nan nan  53
20180904  769172 nan nan  54
20180904  769172 nan nan  55
20180904  769172 nan nan  57
20180904  769172 nan nan  58
20180904  769172 nan nan  59
20180904  769172 nan nan  60
20180904  769172 nan nan  61
20180904  769172 nan nan  62
20180904  769173 nan nan  53
20180904  769173 nan nan  54
20180904  769173 nan nan  55
20180904  769173 nan nan  57
20180904  769173 nan nan  58
20180904  769173 nan nan  59
20180904  769173 nan nan  60
20180904  769173 nan nan  61
20180904  769173 nan nan  62
20180904  769174 nan nan  53
20180904  769174 nan nan  54
20180904  769174 nan nan  55
20180904  769174 nan nan  57
20180904  769174 nan nan  58
20180904  769174 nan nan  59
20180904  769174 nan nan  60
20180904  769174 nan nan  61
20180904  769174 nan nan  62
20180904  769175 nan nan  53
20180904  769175 nan nan  54
20180904  769175 nan nan  55
20180904  769175 nan nan  57
20180904  769175 nan nan  58
20180904  769175 nan nan  59
20180904  769175 nan nan  60
20180904  769175 nan nan  61
20180904  769175 nan nan  62
20180904  769176 nan nan  53
20180904  769176 nan nan  54
20180904  769176 nan nan  55
20180904  769176 nan nan  57
20180904  769176 nan nan  58
20180904  769176 nan nan  59
20180904  769176 nan nan  60
20180904  769176 nan nan  61
20180904  769176 nan nan  62
20180904  769177 nan nan  53
20180904  769177 nan nan  54
20180904  769177 nan nan  55
20180904  769177 nan nan  57
20180904  769177 nan nan  58
20180904  769177 nan nan  59
20180904  769177 nan nan  60
20180904  769177 nan nan  61
20180904  769177 nan nan  62
20180904  769178 nan nan  53
20180904  769178 nan nan  54
20180904  769178 nan nan  55
20180904  769178 nan nan  57
20180904  769178 nan nan  58
20180904  769178 nan nan  59
20180904  769178 nan nan  60
20180904  769178 nan nan  61
20180904  769178 nan nan  62
20180904  769179 nan nan  53
20180904  769179 nan nan  54
20180904  769179 nan nan  55
20180904  769179 nan nan  57
20180904  769179 nan nan  58
20180904  769179 nan nan  59
20180904  769179 nan nan  60
20180904  769179 nan nan  61
20180904  769179 nan nan  62
20180904  769180 nan nan  53
20180904  769180 nan nan  54
20180904  769180 nan nan  55
20180904  769180 nan nan  57
20180904  769180 nan nan  58
20180904  769180 nan nan  59
20180904  769180 nan nan  60
20180904  769180 nan nan  61
20180904  769180 nan nan  62
20180904  769181 nan nan  53
20180904  769181 nan nan  54
20180904  769181 nan nan  55
20180904  769181 nan nan  57
20180904  769181 nan nan  58
20180904  769181 nan nan  59
20180904  769181 nan nan  60
20180904  769181 nan nan  61
20180904  769181 nan nan  62
20180904  769182 nan nan  53
20180904  769182 nan nan  54
20180904  769182 nan nan  55
20180904  769182 nan nan  57
20180904  769182 nan nan  58
20180904  769182 nan nan  59
20180904  769182 nan nan  60
20180904  769182 nan nan  61
20180904  769182 nan nan  62
20180904  769183 nan nan  53
20180904  769183 nan nan  54
20180904  769183 nan nan  55
20180904  769183 nan nan  57
20180904  769183 nan nan  58
20180904  769183 nan nan  59
20180904  769183 nan nan  60
20180904  769183 nan nan  61
20180904  769183 nan nan  62
20180904  769184 nan nan  53
20180904  769184 nan nan  54
20180904  769184 nan nan  55
20180904  769184 nan nan  57
20180904  769184 nan nan  58
20180904  769184 nan nan  59
20180904  769184 nan nan  60
20180904  769184 nan nan  61
20180904  769184 nan nan  62
20180904  769185 nan nan  53
20180904  769185 nan nan  54
20180904  769185 nan nan  55
20180904  769185 nan nan  57
20180904  769185 nan nan  58
20180904  769185 nan nan  59
20180904  769185 nan nan  60
20180904  769185 nan nan  61
20180904  769185 nan nan  62
20180904  769186 nan nan  53
20180904  769186 nan nan  54
20180904  769186 nan nan  55
20180904  769186 nan nan  57
20180904  769186 nan nan  58
20180904  769186 nan nan  59
20180904  769186 nan nan  60
20180904  769186 nan nan  61
20180904  769186 nan nan  62
20180904  769187 nan nan  53
20180904  769187 nan nan  54
20180904  769187 nan nan  55
20180904  769187 nan nan  57
20180904  769187 nan nan  58
20180904  769187 nan nan  59
20180904  769187 nan nan  60
20180904  769187 nan nan  61
20180904  769187 nan nan  62
20180904  769188 nan nan  53
20180904  769188 nan nan  54
20180904  769188 nan nan  55
20180904  769188 nan nan  57
20180904  769188 nan nan  58
20180904  769188 nan nan  59
20180904  769188 nan nan  60
20180904  769188 nan nan  61
20180904  769188 nan nan  62
20180904  769189 nan nan  53
20180904  769189 nan nan  54
20180904  769189 nan nan  55
20180904  769189 nan nan  57
20180904  769189 nan nan  58
20180904  769189 nan nan  59
20180904  769189 nan nan  60
20180904  769189 nan nan  61
20180904  769189 nan nan  62
20180904  769190 nan nan  53
20180904  769190 nan nan  54
20180904  769190 nan nan  55
20180904  769190 nan nan  57
20180904  769190 nan nan  58
20180904  769190 nan nan  59
20180904  769190 nan nan  60
20180904  769190 nan nan  61
20180904  769190 nan nan  62
20180904  769191 nan nan  53
20180904  769191 nan nan  54
20180904  769191 nan nan  55
20180904  769191 nan nan  57
20180904  769191 nan nan  58
20180904  769191 nan nan  59
20180904  769191 nan nan  60
20180904  769191 nan nan  61
20180904  769191 nan nan  62
20180904  769192 nan nan  53
20180904  769192 nan nan  54
20180904  769192 nan nan  55
20180904  769192 nan nan  57
20180904  769192 nan nan  58
20180904  769192 nan nan  59
20180904  769192 nan nan  60
20180904  769192 nan nan  61
20180904  769192 nan nan  62
20180904  769193 nan nan  53
20180904  769193 nan nan  54
20180904  769193 nan nan  55
20180904  769193 nan nan  57
20180904  769193 nan nan  58
20180904  769193 nan nan  59
20180904  769193 nan nan  60
20180904  769193 nan nan  61
20180904  769193 nan nan  62
20180904  769194 nan nan  53
20180904  769194 nan nan  54
20180904  769194 nan nan  55
20180904  769194 nan nan  57
20180904  769194 nan nan  58
20180904  769194 nan nan  59
20180904  769194 nan nan  60
20180904  769194 nan nan  61
20180904  769194 nan nan  62
20180904  769195 nan nan  53
20180904  769195 nan nan  54
20180904  769195 nan nan  55
20180904  769195 nan nan  57
20180904  769195 nan nan  58
20180904  769195 nan nan  59
20180904  769195 nan nan  60
20180904  769195 nan nan  61
20180904  769195 nan nan  62
20180904  769196 nan nan  53
20180904  769196 nan nan  54
20180904  769196 nan nan  55
20180904  769196 nan nan  57
20180904  769196 nan nan  58
20180904  769196 nan nan  59
20180904  769196 nan nan  60
20180904  769196 nan nan  61
20180904  769196 nan nan  62
20180904  769197 nan nan  53
20180904  769197 nan nan  54
20180904  769197 nan nan  55
20180904  769197 nan nan  57
20180904  769197 nan nan  58
20180904  769197 nan nan  59
20180904  769197 nan nan  60
20180904  769197 nan nan  61
20180904  769197 nan nan  62
20180904  769198 nan nan  53
20180904  769198 nan nan  54
20180904  769198 nan nan  55
20180904  769198 nan nan  57
20180904  769198 nan nan  58
20180904  769198 nan nan  59
20180904  769198 nan nan  60
20180904  769198 nan nan  61
20180904  769198 nan nan  62
20180904  769199 nan nan  53
20180904  769199 nan nan  54
20180904  769199 nan nan  55
20180904  769199 nan nan  57
20180904  769199 nan nan  58
20180904  769199 nan nan  59
20180904  769199 nan nan  60
20180904  769199 nan nan  61
20180904  769199 nan nan  62
20180904  769200 nan nan  53
20180904  769200 nan nan  54
20180904  769200 nan nan  55
20180904  769200 nan nan  57
20180904  769200 nan nan  58
20180904  769200 nan nan  59
20180904  769200 nan nan  60
20180904  769200 nan nan  61
20180904  769200 nan nan  62
20180904  769201 nan nan  53
20180904  769201 nan nan  54
20180904  769201 nan nan  55
20180904  769201 nan nan  57
20180904  769201 nan nan  58
20180904  769201 nan nan  59
20180904  769201 nan nan  60
20180904  769201 nan nan  61
20180904  769201 nan nan  62
20180904  769202 nan nan  53
20180904  769202 nan nan  54
20180904  769202 nan nan  55
20180904  769202 nan nan  57
20180904  769202 nan nan  58
20180904  769202 nan nan  59
20180904  769202 nan nan  60
20180904  769202 nan nan  61
20180904  769202 nan nan  62
20180904  769203 nan nan  53
20180904  769203 nan nan  54
20180904  769203 nan nan  55
20180904  769203 nan nan  57
20180904  769203 nan nan  58
20180904  769203 nan nan  59
20180904  769203 nan nan  60
20180904  769203 nan nan  61
20180904  769203 nan nan  62
20180904  769204 nan nan  53
20180904  769204 nan nan  54
20180904  769204 nan nan  55
20180904  769204 nan nan  57
20180904  769204 nan nan  58
20180904  769204 nan nan  59
20180904  769204 nan nan  60
20180904  769204 nan nan  61
20180904  769204 nan nan  62
20180904  769205 nan nan  53
20180904  769205 nan nan  54
20180904  769205 nan nan  55
20180904  769205 nan nan  57
20180904  769205 nan nan  58
20180904  769205 nan nan  59
20180904  769205 nan nan  60
20180904  769205 nan nan  61
20180904  769205 nan nan  62
20180904  769206 nan nan  53
20180904  769206 nan nan  54
20180904  769206 nan nan  55
20180904  769206 nan nan  57
20180904  769206 nan nan  58
20180904  769206 nan nan  59
20180904  769206 nan nan  60
20180904  769206 nan nan  61
20180904  769206 nan nan  62
20180904  769207 nan nan  53
20180904  769207 nan nan  54
20180904  769207 nan nan  55
20180904  769207 nan nan  57
20180904  769207 nan nan  58
20180904  769207 nan nan  59
20180904  769207 nan nan  60
20180904  769207 nan nan  61
20180904  769207 nan nan  62
20180904  769208 nan nan  53
20180904  769208 nan nan  54
20180904  769208 nan nan  55
20180904  769208 nan nan  57
20180904  769208 nan nan  58
20180904  769208 nan nan  59
20180904  769208 nan nan  60
20180904  769208 nan nan  61
20180904  769208 nan nan  62
20180904  769209 nan nan  53
20180904  769209 nan nan  54
20180904  769209 nan nan  55
20180904  769209 nan nan  57
20180904  769209 nan nan  58
20180904  769209 nan nan  59
20180904  769209 nan nan  60
20180904  769209 nan nan  61
20180904  769209 nan nan  62
20180904  769210 nan nan  53
20180904  769210 nan nan  54
20180904  769210 nan nan  55
20180904  769210 nan nan  57
20180904  769210 nan nan  58
20180904  769210 nan nan  59
20180904  769210 nan nan  60
20180904  769210 nan nan  61
20180904  769210 nan nan  62
20180904  769211 nan nan  53
20180904  769211 nan nan  54
20180904  769211 nan nan  55
20180904  769211 nan nan  57
20180904  769211 nan nan  58
20180904  769211 nan nan  59
20180904  769211 nan nan  60
20180904  769211 nan nan  61
20180904  769211 nan nan  62
20180904  769212 nan nan  53
20180904  769212 nan nan  54
20180904  769212 nan nan  55
20180904  769212 nan nan  57
20180904  769212 nan nan  58
20180904  769212 nan nan  59
20180904  769212 nan nan  60
20180904  769212 nan nan  61
20180904  769212 nan nan  62
20180904  769213 nan nan  53
20180904  769213 nan nan  54
20180904  769213 nan nan  55
20180904  769213 nan nan  57
20180904  769213 nan nan  58
20180904  769213 nan nan  59
20180904  769213 nan nan  60
20180904  769213 nan nan  61
20180904  769213 nan nan  62
20180904  769214 nan nan  53
20180904  769214 nan nan  54
20180904  769214 nan nan  55
20180904  769214 nan nan  57
20180904  769214 nan nan  58
20180904  769214 nan nan  59
20180904  769214 nan nan  60
20180904  769214 nan nan  61
20180904  769214 nan nan  62
20180904  769215 nan nan  53
20180904  769215 nan nan  54
20180904  769215 nan nan  55
20180904  769215 nan nan  57
20180904  769215 nan nan  58
20180904  769215 nan nan  59
20180904  769215 nan nan  60
20180904  769215 nan nan  61
20180904  769215 nan nan  62
20180904  769216 nan nan  53
20180904  769216 nan nan  54
20180904  769216 nan nan  55
20180904  769216 nan nan  57
20180904  769216 nan nan  58
20180904  769216 nan nan  59
20180904  769216 nan nan  60
20180904  769216 nan nan  61
20180904  769216 nan nan  62
20180904  769217 nan nan  53
20180904  769217 nan nan  54
20180904  769217 nan nan  55
20180904  769217 nan nan  57
20180904  769217 nan nan  58
20180904  769217 nan nan  59
20180904  769217 nan nan  60
20180904  769217 nan nan  61
20180904  769217 nan nan  62
20180904  769218 nan nan  53
20180904  769218 nan nan  54
20180904  769218 nan nan  55
20180904  769218 nan nan  57
20180904  769218 nan nan  58
20180904  769218 nan nan  59
20180904  769218 nan nan  60
20180904  769218 nan nan  61
20180904  769218 nan nan  62
20180904  769219 nan nan  53
20180904  769219 nan nan  54
20180904  769219 nan nan  55
20180904  769219 nan nan  57
20180904  769219 nan nan  58
20180904  769219 nan nan  59
20180904  769219 nan nan  60
20180904  769219 nan nan  61
20180904  769219 nan nan  62
20180904  769220 nan nan  53
20180904  769220 nan nan  54
20180904  769220 nan nan  55
20180904  769220 nan nan  57
20180904  769220 nan nan  58
20180904  769220 nan nan  59
20180904  769220 nan nan  60
20180904  769220 nan nan  61
20180904  769220 nan nan  62
20180904  769221 nan nan  53
20180904  769221 nan nan  54
20180904  769221 nan nan  55
20180904  769221 nan nan  57
20180904  769221 nan nan  58
20180904  769221 nan nan  59
20180904  769221 nan nan  60
20180904  769221 nan nan  61
20180904  769221 nan nan  62
20180904  769222 nan nan  53
20180904  769222 nan nan  54
20180904  769222 nan nan  55
20180904  769222 nan nan  57
20180904  769222 nan nan  58
20180904  769222 nan nan  59
20180904  769222 nan nan  60
20180904  769222 nan nan  61
20180904  769222 nan nan  62
20180904  769223 nan nan  53
20180904  769223 nan nan  54
20180904  769223 nan nan  55
20180904  769223 nan nan  57
20180904  769223 nan nan  58
20180904  769223 nan nan  59
20180904  769223 nan nan  60
20180904  769223 nan nan  61
20180904  769223 nan nan  62
20180904  769224 nan nan  53
20180904  769224 nan nan  54
20180904  769224 nan nan  55
20180904  769224 nan nan  57
20180904  769224 nan nan  58
20180904  769224 nan nan  59
20180904  769224 nan nan  60
20180904  769224 nan nan  61
20180904  769224 nan nan  62
20180904  769225 nan nan  53
20180904  769225 nan nan  54
20180904  769225 nan nan  55
20180904  769225 nan nan  57
20180904  769225 nan nan  58
20180904  769225 nan nan  59
20180904  769225 nan nan  60
20180904  769225 nan nan  61
20180904  769225 nan nan  62
20180904  769226 nan nan  53
20180904  769226 nan nan  54
20180904  769226 nan nan  55
20180904  769226 nan nan  57
20180904  769226 nan nan  58
20180904  769226 nan nan  59
20180904  769226 nan nan  60
20180904  769226 nan nan  61
20180904  769226 nan nan  62
20180904  769227 nan nan  53
20180904  769227 nan nan  54
20180904  769227 nan nan  55
20180904  769227 nan nan  57
20180904  769227 nan nan  58
20180904  769227 nan nan  59
20180904  769227 nan nan  60
20180904  769227 nan nan  61
20180904  769227 nan nan  62
20180904  769228 nan nan  53
20180904  769228 nan nan  54
20180904  769228 nan nan  55
20180904  769228 nan nan  57
20180904  769228 nan nan  58
20180904  769228 nan nan  59
20180904  769228 nan nan  60
20180904  769228 nan nan  61
20180904  769228 nan nan  62
20180904  769229 nan nan  53
20180904  769229 nan nan  54
20180904  769229 nan nan  55
20180904  769229 nan nan  57
20180904  769229 nan nan  58
20180904  769229 nan nan  59
20180904  769229 nan nan  60
20180904  769229 nan nan  61
20180904  769229 nan nan  62
20180904  769230 nan nan  53
20180904  769230 nan nan  54
20180904  769230 nan nan  55
20180904  769230 nan nan  57
20180904  769230 nan nan  58
20180904  769230 nan nan  59
20180904  769230 nan nan  60
20180904  769230 nan nan  61
20180904  769230 nan nan  62
20180904  769231 nan nan  53
20180904  769231 nan nan  54
20180904  769231 nan nan  55
20180904  769231 nan nan  57
20180904  769231 nan nan  58
20180904  769231 nan nan  59
20180904  769231 nan nan  60
20180904  769231 nan nan  61
20180904  769231 nan nan  62
20180904  769232 nan nan  53
20180904  769232 nan nan  54
20180904  769232 nan nan  55
20180904  769232 nan nan  57
20180904  769232 nan nan  58
20180904  769232 nan nan  59
20180904  769232 nan nan  60
20180904  769232 nan nan  61
20180904  769232 nan nan  62
20180904  769233 nan nan  53
20180904  769233 nan nan  54
20180904  769233 nan nan  55
20180904  769233 nan nan  57
20180904  769233 nan nan  58
20180904  769233 nan nan  59
20180904  769233 nan nan  60
20180904  769233 nan nan  61
20180904  769233 nan nan  62
20180904  769234 nan nan  53
20180904  769234 nan nan  54
20180904  769234 nan nan  55
20180904  769234 nan nan  57
20180904  769234 nan nan  58
20180904  769234 nan nan  59
20180904  769234 nan nan  60
20180904  769234 nan nan  61
20180904  769234 nan nan  62
20180904  769235 nan nan  53
20180904  769235 nan nan  54
20180904  769235 nan nan  55
20180904  769235 nan nan  57
20180904  769235 nan nan  58
20180904  769235 nan nan  59
20180904  769235 nan nan  60
20180904  769235 nan nan  61
20180904  769235 nan nan  62
20180904  769236 nan nan  53
20180904  769236 nan nan  54
20180904  769236 nan nan  55
20180904  769236 nan nan  57
20180904  769236 nan nan  58
20180904  769236 nan nan  59
20180904  769236 nan nan  60
20180904  769236 nan nan  61
20180904  769236 nan nan  62
20180904  769237 nan nan  53
20180904  769237 nan nan  54
20180904  769237 nan nan  55
20180904  769237 nan nan  57
20180904  769237 nan nan  58
20180904  769237 nan nan  59
20180904  769237 nan nan  60
20180904  769237 nan nan  61
20180904  769237 nan nan  62
20180904  769238 nan nan  53
20180904  769238 nan nan  54
20180904  769238 nan nan  55
20180904  769238 nan nan  57
20180904  769238 nan nan  58
20180904  769238 nan nan  59
20180904  769238 nan nan  60
20180904  769238 nan nan  61
20180904  769238 nan nan  62
20180904  769239 nan nan  53
20180904  769239 nan nan  54
20180904  769239 nan nan  55
20180904  769239 nan nan  57
20180904  769239 nan nan  58
20180904  769239 nan nan  59
20180904  769239 nan nan  60
20180904  769239 nan nan  61
20180904  769239 nan nan  62
20180904  769240 nan nan  53
20180904  769240 nan nan  54
20180904  769240 nan nan  55
20180904  769240 nan nan  57
20180904  769240 nan nan  58
20180904  769240 nan nan  59
20180904  769240 nan nan  60
20180904  769240 nan nan  61
20180904  769240 nan nan  62
20180904  769241 nan nan  53
20180904  769241 nan nan  54
20180904  769241 nan nan  55
20180904  769241 nan nan  57
20180904  769241 nan nan  58
20180904  769241 nan nan  59
20180904  769241 nan nan  60
20180904  769241 nan nan  61
20180904  769241 nan nan  62
20180904  769242 nan nan  53
20180904  769242 nan nan  54
20180904  769242 nan nan  55
20180904  769242 nan nan  57
20180904  769242 nan nan  58
20180904  769242 nan nan  59
20180904  769242 nan nan  60
20180904  769242 nan nan  61
20180904  769242 nan nan  62
20180904  769243 nan nan  53
20180904  769243 nan nan  54
20180904  769243 nan nan  55
20180904  769243 nan nan  57
20180904  769243 nan nan  58
20180904  769243 nan nan  59
20180904  769243 nan nan  60
20180904  769243 nan nan  61
20180904  769243 nan nan  62
20180904  769244 nan nan  53
20180904  769244 nan nan  54
20180904  769244 nan nan  55
20180904  769244 nan nan  57
20180904  769244 nan nan  58
20180904  769244 nan nan  59
20180904  769244 nan nan  60
20180904  769244 nan nan  61
20180904  769244 nan nan  62
20180904  769245 nan nan  53
20180904  769245 nan nan  54
20180904  769245 nan nan  55
20180904  769245 nan nan  57
20180904  769245 nan nan  58
20180904  769245 nan nan  59
20180904  769245 nan nan  60
20180904  769245 nan nan  61
20180904  769245 nan nan  62
20180904  769246 nan nan  53
20180904  769246 nan nan  54
20180904  769246 nan nan  55
20180904  769246 nan nan  57
20180904  769246 nan nan  58
20180904  769246 nan nan  59
20180904  769246 nan nan  60
20180904  769246 nan nan  61
20180904  769246 nan nan  62
20180904  769247 nan nan  53
20180904  769247 nan nan  54
20180904  769247 nan nan  55
20180904  769247 nan nan  57
20180904  769247 nan nan  58
20180904  769247 nan nan  59
20180904  769247 nan nan  60
20180904  769247 nan nan  61
20180904  769247 nan nan  62
20180904  769248 nan nan  53
20180904  769248 nan nan  54
20180904  769248 nan nan  55
20180904  769248 nan nan  57
20180904  769248 nan nan  58
20180904  769248 nan nan  59
20180904  769248 nan nan  60
20180904  769248 nan nan  61
20180904  769248 nan nan  62
20180904  769249 nan nan  53
20180904  769249 nan nan  54
20180904  769249 nan nan  55
20180904  769249 nan nan  57
20180904  769249 nan nan  58
20180904  769249 nan nan  59
20180904  769249 nan nan  60
20180904  769249 nan nan  61
20180904  769249 nan nan  62
20180904  769250 nan nan  53
20180904  769250 nan nan  54
20180904  769250 nan nan  55
20180904  769250 nan nan  57
20180904  769250 nan nan  58
20180904  769250 nan nan  59
20180904  769250 nan nan  60
20180904  769250 nan nan  61
20180904  769250 nan nan  62
20180904  769251 nan nan  53
20180904  769251 nan nan  54
20180904  769251 nan nan  55
20180904  769251 nan nan  57
20180904  769251 nan nan  58
20180904  769251 nan nan  59
20180904  769251 nan nan  60
20180904  769251 nan nan  61
20180904  769251 nan nan  62
20180904  769252 nan nan  53
20180904  769252 nan nan  54
20180904  769252 nan nan  55
20180904  769252 nan nan  57
20180904  769252 nan nan  58
20180904  769252 nan nan  59
20180904  769252 nan nan  60
20180904  769252 nan nan  61
20180904  769252 nan nan  62
20180904  769253 nan nan  53
20180904  769253 nan nan  54
20180904  769253 nan nan  55
20180904  769253 nan nan  57
20180904  769253 nan nan  58
20180904  769253 nan nan  59
20180904  769253 nan nan  60
20180904  769253 nan nan  61
20180904  769253 nan nan  62
20180904  769254 nan nan  53
20180904  769254 nan nan  54
20180904  769254 nan nan  55
20180904  769254 nan nan  57
20180904  769254 nan nan  58
20180904  769254 nan nan  59
20180904  769254 nan nan  60
20180904  769254 nan nan  61
20180904  769254 nan nan  62
20180904  769255 nan nan  53
20180904  769255 nan nan  54
20180904  769255 nan nan  55
20180904  769255 nan nan  57
20180904  769255 nan nan  58
20180904  769255 nan nan  59
20180904  769255 nan nan  60
20180904  769255 nan nan  61
20180904  769255 nan nan  62
20180904  769256 nan nan  53
20180904  769256 nan nan  54
20180904  769256 nan nan  55
20180904  769256 nan nan  57
20180904  769256 nan nan  58
20180904  769256 nan nan  59
20180904  769256 nan nan  60
20180904  769256 nan nan  61
20180904  769256 nan nan  62
20180904  769257 nan nan  53
20180904  769257 nan nan  54
20180904  769257 nan nan  55
20180904  769257 nan nan  57
20180904  769257 nan nan  58
20180904  769257 nan nan  59
20180904  769257 nan nan  60
20180904  769257 nan nan  61
20180904  769257 nan nan  62
20180904  769258 nan nan  53
20180904  769258 nan nan  54
20180904  769258 nan nan  55
20180904  769258 nan nan  57
20180904  769258 nan nan  58
20180904  769258 nan nan  59
20180904  769258 nan nan  60
20180904  769258 nan nan  61
20180904  769258 nan nan  62
20180904  769259 nan nan  53
20180904  769259 nan nan  54
20180904  769259 nan nan  55
20180904  769259 nan nan  57
20180904  769259 nan nan  58
20180904  769259 nan nan  59
20180904  769259 nan nan  60
20180904  769259 nan nan  61
20180904  769259 nan nan  62
20180904  769260 nan nan  53
20180904  769260 nan nan  54
20180904  769260 nan nan  55
20180904  769260 nan nan  57
20180904  769260 nan nan  58
20180904  769260 nan nan  59
20180904  769260 nan nan  60
20180904  769260 nan nan  61
20180904  769260 nan nan  62
20180904  769261 nan nan  53
20180904  769261 nan nan  54
20180904  769261 nan nan  55
20180904  769261 nan nan  57
20180904  769261 nan nan  58
20180904  769261 nan nan  59
20180904  769261 nan nan  60
20180904  769261 nan nan  61
20180904  769261 nan nan  62
20180904  769262 nan nan  53
20180904  769262 nan nan  54
20180904  769262 nan nan  55
20180904  769262 nan nan  57
20180904  769262 nan nan  58
20180904  769262 nan nan  59
20180904  769262 nan nan  60
20180904  769262 nan nan  61
20180904  769262 nan nan  62
20180904  769263 nan nan  53
20180904  769263 nan nan  54
20180904  769263 nan nan  55
20180904  769263 nan nan  57
20180904  769263 nan nan  58
20180904  769263 nan nan  59
20180904  769263 nan nan  60
20180904  769263 nan nan  61
20180904  769263 nan nan  62
20180904  769264 nan nan  53
20180904  769264 nan nan  54
20180904  769264 nan nan  55
20180904  769264 nan nan  57
20180904  769264 nan nan  58
20180904  769264 nan nan  59
20180904  769264 nan nan  60
20180904  769264 nan nan  61
20180904  769264 nan nan  62
20180904  769265 nan nan  53
20180904  769265 nan nan  54
20180904  769265 nan nan  55
20180904  769265 nan nan  57
20180904  769265 nan nan  58
20180904  769265 nan nan  59
20180904  769265 nan nan  60
20180904  769265 nan nan  61
20180904  769265 nan nan  62
20180904  769266 nan nan  53
20180904  769266 nan nan  54
20180904  769266 nan nan  55
20180904  769266 nan nan  57
20180904  769266 nan nan  58
20180904  769266 nan nan  59
20180904  769266 nan nan  60
20180904  769266 nan nan  61
20180904  769266 nan nan  62
20180904  769267 nan nan  53
20180904  769267 nan nan  54
20180904  769267 nan nan  55
20180904  769267 nan nan  57
20180904  769267 nan nan  58
20180904  769267 nan nan  59
20180904  769267 nan nan  60
20180904  769267 nan nan  61
20180904  769267 nan nan  62
20180904  769268 nan nan  53
20180904  769268 nan nan  54
20180904  769268 nan nan  55
20180904  769268 nan nan  57
20180904  769268 nan nan  58
20180904  769268 nan nan  59
20180904  769268 nan nan  60
20180904  769268 nan nan  61
20180904  769268 nan nan  62
20180904  769269 nan nan  53
20180904  769269 nan nan  54
20180904  769269 nan nan  55
20180904  769269 nan nan  57
20180904  769269 nan nan  58
20180904  769269 nan nan  59
20180904  769269 nan nan  60
20180904  769269 nan nan  61
20180904  769269 nan nan  62
20180904  769270 nan nan  53
20180904  769270 nan nan  54
20180904  769270 nan nan  55
20180904  769270 nan nan  57
20180904  769270 nan nan  58
20180904  769270 nan nan  59
20180904  769270 nan nan  60
20180904  769270 nan nan  61
20180904  769270 nan nan  62
20180904  769271 nan nan  53
20180904  769271 nan nan  54
20180904  769271 nan nan  55
20180904  769271 nan nan  57
20180904  769271 nan nan  58
20180904  769271 nan nan  59
20180904  769271 nan nan  60
20180904  769271 nan nan  61
20180904  769271 nan nan  62
20180904  769272 nan nan  53
20180904  769272 nan nan  54
20180904  769272 nan nan  55
20180904  769272 nan nan  57
20180904  769272 nan nan  58
20180904  769272 nan nan  59
20180904  769272 nan nan  60
20180904  769272 nan nan  61
20180904  769272 nan nan  62
20180904  769273 nan nan  53
20180904  769273 nan nan  54
20180904  769273 nan nan  55
20180904  769273 nan nan  57
20180904  769273 nan nan  58
20180904  769273 nan nan  59
20180904  769273 nan nan  60
20180904  769273 nan nan  61
20180904  769273 nan nan  62
20180904  769274 nan nan  53
20180904  769274 nan nan  54
20180904  769274 nan nan  55
20180904  769274 nan nan  57
20180904  769274 nan nan  58
20180904  769274 nan nan  59
20180904  769274 nan nan  60
20180904  769274 nan nan  61
20180904  769274 nan nan  62
20180904  769275 nan nan  53
20180904  769275 nan nan  54
20180904  769275 nan nan  55
20180904  769275 nan nan  57
20180904  769275 nan nan  58
20180904  769275 nan nan  59
20180904  769275 nan nan  60
20180904  769275 nan nan  61
20180904  769275 nan nan  62
20180904  769276 nan nan  53
20180904  769276 nan nan  54
20180904  769276 nan nan  55
20180904  769276 nan nan  57
20180904  769276 nan nan  58
20180904  769276 nan nan  59
20180904  769276 nan nan  60
20180904  769276 nan nan  61
20180904  769276 nan nan  62
20180904  769277 nan nan  53
20180904  769277 nan nan  54
20180904  769277 nan nan  55
20180904  769277 nan nan  57
20180904  769277 nan nan  58
20180904  769277 nan nan  59
20180904  769277 nan nan  60
20180904  769277 nan nan  61
20180904  769277 nan nan  62
20180904  769278 nan nan  53
20180904  769278 nan nan  54
20180904  769278 nan nan  55
20180904  769278 nan nan  57
20180904  769278 nan nan  58
20180904  769278 nan nan  59
20180904  769278 nan nan  60
20180904  769278 nan nan  61
20180904  769278 nan nan  62
20180904  769279 nan nan  53
20180904  769279 nan nan  54
20180904  769279 nan nan  55
20180904  769279 nan nan  57
20180904  769279 nan nan  58
20180904  769279 nan nan  59
20180904  769279 nan nan  60
20180904  769279 nan nan  61
20180904  769279 nan nan  62
20180904  769280 nan nan  53
20180904  769280 nan nan  54
20180904  769280 nan nan  55
20180904  769280 nan nan  57
20180904  769280 nan nan  58
20180904  769280 nan nan  59
20180904  769280 nan nan  60
20180904  769280 nan nan  61
20180904  769280 nan nan  62
20180904  769281 nan nan  53
20180904  769281 nan nan  54
20180904  769281 nan nan  55
20180904  769281 nan nan  57
20180904  769281 nan nan  58
20180904  769281 nan nan  59
20180904  769281 nan nan  60
20180904  769281 nan nan  61
20180904  769281 nan nan  62
20180904  769282 nan nan  53
20180904  769282 nan nan  54
20180904  769282 nan nan  55
20180904  769282 nan nan  57
20180904  769282 nan nan  58
20180904  769282 nan nan  59
20180904  769282 nan nan  60
20180904  769282 nan nan  61
20180904  769282 nan nan  62
20180904  769283 nan nan  53
20180904  769283 nan nan  54
20180904  769283 nan nan  55
20180904  769283 nan nan  57
20180904  769283 nan nan  58
20180904  769283 nan nan  59
20180904  769283 nan nan  60
20180904  769283 nan nan  61
20180904  769283 nan nan  62
20180904  769284 nan nan  53
20180904  769284 nan nan  54
20180904  769284 nan nan  55
20180904  769284 nan nan  57
20180904  769284 nan nan  58
20180904  769284 nan nan  59
20180904  769284 nan nan  60
20180904  769284 nan nan  61
20180904  769284 nan nan  62
20181229  807451 nan nan  15

# Corrupted during processing
20181212  802621 nan nan  55
20181214  803325 nan nan  54
