#date     expnum ccd id ccdnum
20160802  558462  51  S4  28
20160802  558462  57 S11  22
20160802  558483  13  N5  36
20160802  558483  14  N4  35
20160802  558484  65 S15  14
20160802  558484  71 S20   8
20160802  558484  75 S26   5
20160802  558484  76 S25   4
20160802  558558  38 N26  57
20160802  558558  43 N30  61
20160802  558558  44 N29  60
20160803  559025  44 N29  60
20160803  559074  18 N13  44
20160803  559074  24 N19  50
20160803  559074  53  S2  26
20160803  559074  54  S1  25
20160803  559074  60  S8  19
20160803  559074  66 S14  13
20160803  559075  19 N12  43
20160803  559075  25 N18  49
20160803  559075  26 N17  48
20160803  559075  30 N24  55
20160803  559075  31 N23  54
20160803  559075  71 S20   8
20160803  559075  75 S26   5
20160803  559075  76 S25   4
20160810  562651  81 S29   1
20160810  562748  22  N9  40
20160810  562748  28 N15  46
20160810  562749  22  N9  40
20160810  562749  28 N15  46
20160810  562795  16  N2  33
20160810  562795  22  N9  40
20160810  562795  23  N8  39
20160810  562795  28 N15  46
20160810  562795  29 N14  45
20160811  563120  60  S8  19
20160811  563120  66 S14  13
20160812  563441  70 S21   9
20160812  563441  71 S20   8
20160812  563441  75 S26   5
20160812  563441  76 S25   4
20160812  563504  38 N26  57
20160812  563504  43 N30  61
20160812  563504  44 N29  60
20160812  563529  55 S13  24
20160812  563529  56 S12  23
20160812  563529  61 S19  18
20160812  563529  62 S18  17
20160812  563605  12  N6  37
20160812  563605  13  N5  36
20160812  563605  15  N3  34
20160812  563605  16  N2  33
20160812  563605  19 N12  43
20160812  563605  20 N11  42
20160812  563605  21 N10  41
20160812  563605  22  N9  40
20160812  563605  25 N18  49
20160812  563605  26 N17  48
20160812  563605  27 N16  47
20160812  563605  28 N15  46
20160812  563605  31 N23  54
20160812  563605  32 N22  53
20160812  563605  33 N21  52
20160812  563605  37 N27  58
20160812  563605  38 N26  57
20160812  563605  42 N31  62
20160812  563605  43 N30  61
20160812  563605  49  S6  30
20160812  563605  50  S5  29
20160812  563605  52  S3  27
20160812  563605  53  S2  26
20160812  563605  56 S12  23
20160812  563605  57 S11  22
20160812  563605  58 S10  21
20160812  563605  59  S9  20
20160812  563605  62 S18  17
20160812  563605  63 S17  16
20160812  563605  64 S16  15
20160812  563605  65 S15  14
20160812  563605  69 S22  10
20160812  563605  70 S21   9
20160812  563606  61 S19  18
20160812  563606  67 S24  12
20160812  563607  65 S15  14
20160812  563607  66 S14  13
20160812  563607  71 S20   8
20160813  563847  20 N11  42
20160813  563847  26 N17  48
20160813  563870  44 N29  60
20160817  565944  30 N24  55
20160817  565944  65 S15  14
20160817  565944  66 S14  13
20160817  565944  70 S21   9
20160817  565944  71 S20   8
20160817  565945  25 N18  49
20160817  565945  30 N24  55
20160817  565946  30 N24  55
20160817  565970  30 N24  55
20160817  565970  65 S15  14
20160817  565970  66 S14  13
20160817  565970  70 S21   9
20160817  565970  71 S20   8
20160817  565971  25 N18  49
20160817  565971  30 N24  55
20160817  565972  30 N24  55
20160822  566463  11  N7  38
20160822  566463  12  N6  37
20160822  566463  48  S7  31
20160822  566463  49  S6  30
20160822  566503  12  N6  37
20160822  566503  13  N5  36
20160822  566503  49  S6  30
20160822  566503  50  S5  29
20160822  566509  81 S29   1
20160823  566847  12  N6  37
20160823  566847  13  N5  36
20160823  566847  49  S6  30
20160823  566847  50  S5  29
20160823  566895  36 N28  59
20160823  566896  36 N28  59
20160823  566905  17  N1  32
20160823  566905  54  S1  25
20160823  566906  17  N1  32
20160823  566906  54  S1  25
20160824  567320  11  N7  38
20160824  567320  12  N6  37
20160824  567320  48  S7  31
20160824  567320  49  S6  30
20160824  567340  81 S29   1
20160824  567346  80 S30   2
20160824  567346  81 S29   1
20160824  567347  34 N20  51
20160824  567377  16  N2  33
20160824  567377  17  N1  32
20160824  567377  53  S2  26
20160824  567377  54  S1  25
20160824  567378  16  N2  33
20160824  567378  17  N1  32
20160824  567378  53  S2  26
20160824  567378  54  S1  25
20160825  567628  11  N7  38
20160825  567628  12  N6  37
20160825  567628  13  N5  36
20160825  567628  14  N4  35
20160825  567628  15  N3  34
20160825  567628  16  N2  33
20160825  567628  18 N13  44
20160825  567628  19 N12  43
20160825  567628  20 N11  42
20160825  567628  21 N10  41
20160825  567628  22  N9  40
20160825  567628  25 N18  49
20160825  567628  26 N17  48
20160825  567628  27 N16  47
20160825  567628  28 N15  46
20160825  567628  31 N23  54
20160825  567628  32 N22  53
20160825  567628  33 N21  52
20160825  567628  48  S7  31
20160825  567628  49  S6  30
20160825  567628  50  S5  29
20160825  567628  51  S4  28
20160825  567628  52  S3  27
20160825  567628  53  S2  26
20160825  567628  55 S13  24
20160825  567628  56 S12  23
20160825  567628  57 S11  22
20160825  567628  58 S10  21
20160825  567628  59  S9  20
20160825  567628  61 S19  18
20160825  567628  62 S18  17
20160825  567628  63 S17  16
20160825  567628  64 S16  15
20160825  567628  65 S15  14
20160825  567628  67 S24  12
20160825  567628  68 S23  11
20160825  567628  69 S22  10
20160825  567628  70 S21   9
20160825  567628  73 S28   7
20160825  567628  74 S27   6
20160825  567629  11  N7  38
20160825  567629  12  N6  37
20160825  567629  13  N5  36
20160825  567629  14  N4  35
20160825  567629  15  N3  34
20160825  567629  16  N2  33
20160825  567629  18 N13  44
20160825  567629  19 N12  43
20160825  567629  20 N11  42
20160825  567629  21 N10  41
20160825  567629  22  N9  40
20160825  567629  23  N8  39
20160825  567629  24 N19  50
20160825  567629  25 N18  49
20160825  567629  26 N17  48
20160825  567629  27 N16  47
20160825  567629  28 N15  46
20160825  567629  31 N23  54
20160825  567629  32 N22  53
20160825  567629  33 N21  52
20160825  567629  48  S7  31
20160825  567629  49  S6  30
20160825  567629  50  S5  29
20160825  567629  51  S4  28
20160825  567629  52  S3  27
20160825  567629  53  S2  26
20160825  567629  55 S13  24
20160825  567629  56 S12  23
20160825  567629  57 S11  22
20160825  567629  58 S10  21
20160825  567629  59  S9  20
20160825  567629  61 S19  18
20160825  567629  62 S18  17
20160825  567629  63 S17  16
20160825  567629  64 S16  15
20160825  567629  65 S15  14
20160825  567629  67 S24  12
20160825  567629  68 S23  11
20160825  567629  69 S22  10
20160825  567629  70 S21   9
20160825  567629  73 S28   7
20160825  567629  74 S27   6
20160825  567824  36 N28  59
20160825  567824  37 N27  58
20160825  567824  42 N31  62
20160825  567825  36 N28  59
20160825  567825  37 N27  58
20160825  567825  42 N31  62
20160826  568119  30 N24  55
20160826  568120  30 N24  55
20160826  568120  76 S25   4
20160826  568120  81 S29   1
20160826  568124  33 N21  52
20160826  568124  34 N20  51
20160826  568124  39 N25  56
20160826  568124  61 S19  18
20160826  568124  62 S18  17
20160826  568124  67 S24  12
20160826  568124  68 S23  11
20160826  568124  73 S28   7
20160826  568124  74 S27   6
20160826  568124  79 S31   3
20160826  568125  33 N21  52
20160826  568125  34 N20  51
20160826  568125  39 N25  56
20160826  568126  27 N16  47
20160826  568126  28 N15  46
20160826  568126  32 N22  53
20160826  568126  33 N21  52
20160826  568126  68 S23  11
20160826  568126  73 S28   7
20160826  568126  74 S27   6
20160826  568126  79 S31   3
20160826  568127  12  N6  37
20160826  568127  13  N5  36
20160826  568127  15  N3  34
20160826  568127  19 N12  43
20160826  568127  20 N11  42
20160826  568127  21 N10  41
20160826  568127  22  N9  40
20160826  568127  23  N8  39
20160826  568127  25 N18  49
20160826  568127  26 N17  48
20160826  568127  27 N16  47
20160826  568127  28 N15  46
20160826  568127  29 N14  45
20160826  568127  31 N23  54
20160826  568127  32 N22  53
20160826  568127  33 N21  52
20160826  568127  34 N20  51
20160826  568127  37 N27  58
20160826  568127  38 N26  57
20160826  568127  39 N25  56
20160826  568127  42 N31  62
20160826  568127  43 N30  61
20160826  568127  44 N29  60
20160826  568127  49  S6  30
20160826  568127  50  S5  29
20160826  568127  51  S4  28
20160826  568127  52  S3  27
20160826  568127  53  S2  26
20160826  568127  56 S12  23
20160826  568127  57 S11  22
20160826  568127  58 S10  21
20160826  568127  59  S9  20
20160826  568127  62 S18  17
20160826  568127  63 S17  16
20160826  568127  64 S16  15
20160826  568127  65 S15  14
20160826  568127  67 S24  12
20160826  568127  68 S23  11
20160826  568127  69 S22  10
20160826  568127  70 S21   9
20160826  568127  73 S28   7
20160826  568127  74 S27   6
20160826  568127  75 S26   5
20160826  568127  79 S31   3
20160828  568590  26 N17  48
20160828  568591  27 N16  47
20160828  568591  32 N22  53
20160828  568591  33 N21  52
20160829  569105  48  S7  31
20160829  569105  55 S13  24
20160829  569106  12  N6  37
20160829  569106  49  S6  30
20160829  569107  48  S7  31
20160829  569107  55 S13  24
20160829  569108  12  N6  37
20160829  569108  49  S6  30
20160915  575247  30 N24  55
20160915  575247  65 S15  14
20160915  575247  66 S14  13
20160915  575247  70 S21   9
20160915  575247  71 S20   8
20160915  575248  25 N18  49
20160915  575248  30 N24  55
20160915  575249  30 N24  55
20160915  575259  30 N24  55
20160915  575259  65 S15  14
20160915  575259  66 S14  13
20160915  575259  70 S21   9
20160915  575259  71 S20   8
20160915  575260  25 N18  49
20160915  575260  30 N24  55
20160915  575261  30 N24  55
20160915  575271  30 N24  55
20160915  575271  65 S15  14
20160915  575271  66 S14  13
20160915  575271  70 S21   9
20160915  575271  71 S20   8
20160915  575272  25 N18  49
20160915  575272  30 N24  55
20160915  575273  30 N24  55
20160915  575283  30 N24  55
20160915  575283  65 S15  14
20160915  575283  66 S14  13
20160915  575283  70 S21   9
20160915  575283  71 S20   8
20160915  575284  25 N18  49
20160915  575284  30 N24  55
20160915  575285  30 N24  55
20160915  575295  30 N24  55
20160915  575295  65 S15  14
20160915  575295  66 S14  13
20160915  575295  70 S21   9
20160915  575295  71 S20   8
20160915  575296  25 N18  49
20160915  575296  30 N24  55
20160915  575297  30 N24  55
20160915  575317  30 N24  55
20160915  575317  65 S15  14
20160915  575317  66 S14  13
20160915  575317  70 S21   9
20160915  575317  71 S20   8
20160915  575318  25 N18  49
20160915  575318  30 N24  55
20160915  575319  30 N24  55
20160915  575332  30 N24  55
20160915  575332  65 S15  14
20160915  575332  66 S14  13
20160915  575332  70 S21   9
20160915  575332  71 S20   8
20160915  575333  25 N18  49
20160915  575333  30 N24  55
20160915  575334  30 N24  55
20160915  575344  30 N24  55
20160915  575344  65 S15  14
20160915  575344  66 S14  13
20160915  575344  70 S21   9
20160915  575344  71 S20   8
20160915  575345  25 N18  49
20160915  575345  30 N24  55
20160915  575346  30 N24  55
20161012  583117  16  N2  33
20161012  583117  22  N9  40
20161012  583117  23  N8  39
20161012  583117  53  S2  26
20161012  583179  25 N18  49
20161012  583179  30 N24  55
20161012  583180  28 N15  46
20161012  583180  29 N14  45
20161012  583180  34 N20  51
20161030  588121  13  N5  36
20161030  588121  19 N12  43
20161030  588122  13  N5  36
20161030  588122  19 N12  43
20161030  588123  13  N5  36
20161030  588123  19 N12  43
20161030  588124  13  N5  36
20161030  588124  19 N12  43
20161030  588125  13  N5  36
20161030  588125  19 N12  43
20161030  588127  20 N11  42
20161031  588404  13  N5  36
20161031  588404  19 N12  43
20161031  588405  13  N5  36
20161031  588405  19 N12  43
20161031  588406  13  N5  36
20161031  588406  19 N12  43
20161031  588407  13  N5  36
20161031  588407  19 N12  43
20161031  588408  13  N5  36
20161031  588408  19 N12  43
20161031  588410  20 N11  42
20161031  588411  20 N11  42
20161031  588412  20 N11  42
20161031  588413  20 N11  42
20161031  588415  12  N6  37
20161031  588415  19 N12  43
20161031  588416  12  N6  37
20161031  588416  19 N12  43
20161031  588417  12  N6  37
20161031  588417  19 N12  43
20161031  588418  12  N6  37
20161031  588418  19 N12  43
20161031  588420  13  N5  36
20161031  588420  19 N12  43
20161031  588421  13  N5  36
20161031  588421  19 N12  43
20161031  588422  13  N5  36
20161031  588422  19 N12  43
20161031  588423  13  N5  36
20161031  588423  19 N12  43
20161031  588424  13  N5  36
20161031  588424  19 N12  43
20161031  588425  13  N5  36
20161031  588425  19 N12  43
20161031  588426  13  N5  36
20161031  588426  19 N12  43
20161031  588427  13  N5  36
20161031  588427  19 N12  43
20161031  588428  13  N5  36
20161031  588428  19 N12  43
20161031  588429  13  N5  36
20161031  588429  19 N12  43
20161031  588430  13  N5  36
20161031  588430  19 N12  43
20161031  588431  13  N5  36
20161031  588431  19 N12  43
20161113  592654  34 N20  51
20161114  592813  20 N11  42
20161114  592813  21 N10  41
20161114  592813  26 N17  48
20161114  592813  27 N16  47
20161114  592890  12  N6  37
20161114  592890  13  N5  36
20161114  592890  15  N3  34
20161114  592890  16  N2  33
20161114  592890  19 N12  43
20161114  592890  20 N11  42
20161114  592890  21 N10  41
20161114  592890  22  N9  40
20161114  592890  25 N18  49
20161114  592890  26 N17  48
20161114  592890  27 N16  47
20161114  592890  28 N15  46
20161114  592890  32 N22  53
20161114  592890  33 N21  52
20161114  592890  49  S6  30
20161114  592890  50  S5  29
20161114  592890  52  S3  27
20161114  592890  53  S2  26
20161114  592890  56 S12  23
20161114  592890  57 S11  22
20161114  592890  58 S10  21
20161114  592890  59  S9  20
20161114  592890  60  S8  19
20161114  592890  62 S18  17
20161114  592890  63 S17  16
20161114  592890  64 S16  15
20161114  592890  65 S15  14
20161114  592890  68 S23  11
20161114  592890  69 S22  10
20161114  592890  70 S21   9
20161114  592890  71 S20   8
20161114  592890  75 S26   5
20161114  592890  76 S25   4
20161114  592890  81 S29   1
20170104  606613  55 S13  24
20170104  606613  61 S19  18
20170104  606615  29 N14  45
20170104  606615  34 N20  51
20170104  606638  58 S10  21
20170104  606638  64 S16  15
20170105  606874  55 S13  24
20170105  606874  61 S19  18
20170105  606876  29 N14  45
20170105  606876  34 N20  51
20170105  606903  58 S10  21
20170105  606903  64 S16  15
20170108  607862  55 S13  24
20170108  607862  61 S19  18
20170108  607864  29 N14  45
20170108  607864  34 N20  51
20170108  607888  58 S10  21
20170108  607888  64 S16  15
20170110  608606  17  N1  32
20170110  608606  54  S1  25
20170116  609694  21 N10  41
20170116  609875  73 S28   7
20170116  609875  79 S31   3
20170117  610132  15  N3  34
20170117  610132  22  N9  40
20170117  610192  18 N13  44
20170117  610192  24 N19  50
20170117  610282  38 N26  57
20170117  610283  64 S16  15
20170117  610283  70 S21   9
20170117  610283  75 S26   5
20170117  610283  80 S30   2
20170118  610489  58 S10  21
20170118  610489  64 S16  15
20170118  610662  19 N12  43
20170118  610746  42 N31  62
20170118  610762  20 N11  42
20170118  610762  21 N10  41
20170118  610792  43 N30  61
20170118  610793  79 S31   3
20170118  610793  80 S30   2
20170119  610973  55 S13  24
20170119  610973  61 S19  18
20170119  611061  15  N3  34
20170119  611061  22  N9  40
20170119  611080  18 N13  44
20170119  611080  24 N19  50
20170119  611122  32 N22  53
20170119  611122  33 N21  52
20170119  611122  38 N26  57
20170119  611123  42 N31  62
20170119  611129  20 N11  42
20170119  611129  26 N17  48
20170119  611143  11  N7  38
20170119  611143  48  S7  31
20170119  611147  54  S1  25
20170119  611148  38 N26  57
20170119  611148  44 N29  60
20170119  611149  70 S21   9
20170119  611149  75 S26   5
20170119  611149  76 S25   4
20170119  611149  80 S30   2
20170119  611149  81 S29   1
20170119  611156  11  N7  38
20170119  611156  12  N6  37
20170119  611156  18 N13  44
20170119  611157  52  S3  27
20170119  611157  53  S2  26
20170119  611157  59  S9  20
20170119  611158  52  S3  27
20170119  611158  53  S2  26
20170119  611158  59  S9  20
20170119  611186  27 N16  47
20170119  611186  28 N15  46
20170119  611186  32 N22  53
20170119  611186  33 N21  52
20170119  611186  68 S23  11
20170119  611186  73 S28   7
20170119  611186  74 S27   6
20170119  611186  79 S31   3
20170119  611187  30 N24  55
20170119  611191  33 N21  52
20170119  611191  34 N20  51
20170119  611191  39 N25  56
20170120  611384  29 N14  45
20170120  611384  34 N20  51
20170120  611514  21 N10  41
20170120  611578  79 S31   3
20170120  611580  16  N2  33
20170120  611583  64 S16  15
20170120  611583  69 S22  10
20170120  611583  70 S21   9
20170120  611584  37 N27  58
20170120  611584  38 N26  57
20170120  611584  43 N30  61
20170121  611971  21 N10  41
20170121  612010  19 N12  43
20170121  612135  12  N6  37
20170121  612135  13  N5  36
20170121  612135  14  N4  35
20170121  612135  15  N3  34
20170121  612135  16  N2  33
20170121  612135  19 N12  43
20170121  612135  20 N11  42
20170121  612135  21 N10  41
20170121  612135  22  N9  40
20170121  612135  25 N18  49
20170121  612135  26 N17  48
20170121  612135  27 N16  47
20170121  612135  28 N15  46
20170121  612135  31 N23  54
20170121  612135  32 N22  53
20170121  612135  33 N21  52
20170121  612135  49  S6  30
20170121  612135  50  S5  29
20170121  612135  51  S4  28
20170121  612135  52  S3  27
20170121  612135  53  S2  26
20170121  612135  56 S12  23
20170121  612135  57 S11  22
20170121  612135  58 S10  21
20170121  612135  59  S9  20
20170121  612135  62 S18  17
20170121  612135  63 S17  16
20170121  612135  64 S16  15
20170121  612135  65 S15  14
20170121  612135  68 S23  11
20170121  612135  69 S22  10
20170121  612135  70 S21   9
20170121  612136  50  S5  29
20170121  612136  51  S4  28
20170121  612136  57 S11  22
20170121  612136  63 S17  16
20170121  612137  57 S11  22
20170121  612137  58 S10  21
20170121  612138  57 S11  22
20170121  612138  58 S10  21
20170124  612759  15  N3  34
20170124  612759  22  N9  40
20170124  612769  18 N13  44
20170124  612769  24 N19  50
20170124  612791  43 N30  61
20170128  614204  43 N30  61
20170128  614231  16  N2  33
20170128  614231  53  S2  26
20170128  614232  16  N2  33
20170128  614232  53  S2  26
20170128  614234  16  N2  33
20170128  614234  53  S2  26
20170129  614549  16  N2  33
20170129  614549  53  S2  26
20170129  614550  16  N2  33
20170129  614550  53  S2  26
20170129  614557  16  N2  33
20170129  614557  53  S2  26
20170129  614558  16  N2  33
20170129  614558  53  S2  26
20170129  614561  16  N2  33
20170129  614561  53  S2  26
20170129  614562  16  N2  33
20170129  614562  53  S2  26
20170129  614565  16  N2  33
20170129  614565  53  S2  26
20170129  614566  16  N2  33
20170129  614566  53  S2  26
20170204  616863  73 S28   7
20170204  616868  73 S28   7
20170205  617391  73 S28   7
20170206  617882  73 S28   7
20170210  619388  18 N13  44
20170210  619388  19 N12  43
20170210  619388  24 N19  50
20170210  619388  25 N18  49
20170210  619389  18 N13  44
20170210  619389  24 N19  50
20170210  619395  23  N8  39
20170210  619395  29 N14  45
20170213  620480  51  S4  28
20170213  620480  58 S10  21
20170214  620909  22  N9  40
20170214  620909  23  N8  39
20170214  620909  28 N15  46
20170214  620909  29 N14  45
20170214  620909  34 N20  51
20170214  620942  21 N10  41
20170220  623126  43 N30  61
20170220  623126  44 N29  60
20170220  623126  73 S28   7
20170220  623126  74 S27   6
20170220  623149  25 N18  49
20170220  623149  26 N17  48
20170220  623149  31 N23  54
20170220  623149  32 N22  53
20170220  623149  70 S21   9
20170220  623149  75 S26   5
20170220  623149  80 S30   2
20170220  623149  81 S29   1
20170221  623313  52  S3  27
20170221  623313  58 S10  21
20170221  623314  52  S3  27
20170221  623314  58 S10  21
20170221  623346  13  N5  36
20170221  623346  14  N4  35
20170221  623346  20 N11  42
20170221  623346  21 N10  41
20170221  623346  26 N17  48
20170221  623346  58 S10  21
20170221  623346  64 S16  15
20170221  623346  69 S22  10
20170221  623346  70 S21   9
20170221  623347  58 S10  21
20170221  623347  64 S16  15
20170221  623347  69 S22  10
20170221  623347  70 S21   9
20170222  623913  19 N12  43
20170222  623925  60  S8  19
20170222  623932  15  N3  34
20170222  623932  16  N2  33
20170222  623932  22  N9  40
20170223  624083  79 S31   3
20170223  624084  79 S31   3
20170223  624246  38 N26  57
20170223  624246  43 N30  61
20170223  624248  18 N13  44
20170223  624248  24 N19  50
20170223  624251  19 N12  43
20170223  624251  20 N11  42
20170223  624251  25 N18  49
20170223  624251  26 N17  48
20170223  624251  65 S15  14
20170223  624251  66 S14  13
20170223  624251  71 S20   8
20170223  624251  75 S26   5
20170223  624251  76 S25   4
20170223  624252  65 S15  14
20170223  624252  66 S14  13
20170223  624252  71 S20   8
20170223  624252  75 S26   5
20170223  624252  76 S25   4
20170228  624455  28 N15  46
20170228  624455  33 N21  52
20170228  624625  34 N20  51
20170301  624825  26 N17  48
20170301  624825  27 N16  47
20170301  625094  16  N2  33
20170301  625094  22  N9  40
20170301  625094  23  N8  39
20170301  625103  55 S13  24
20170301  625103  61 S19  18
20170302  625498  12  N6  37
20170302  625498  13  N5  36
20170302  625498  15  N3  34
20170302  625498  16  N2  33
20170302  625498  19 N12  43
20170302  625498  20 N11  42
20170302  625498  21 N10  41
20170302  625498  22  N9  40
20170302  625498  25 N18  49
20170302  625498  26 N17  48
20170302  625498  27 N16  47
20170302  625498  28 N15  46
20170302  625498  31 N23  54
20170302  625498  32 N22  53
20170302  625498  33 N21  52
20170302  625498  37 N27  58
20170302  625498  38 N26  57
20170302  625498  43 N30  61
20170302  625498  49  S6  30
20170302  625498  50  S5  29
20170302  625498  52  S3  27
20170302  625498  53  S2  26
20170302  625498  56 S12  23
20170302  625498  57 S11  22
20170302  625498  58 S10  21
20170302  625498  59  S9  20
20170302  625498  62 S18  17
20170302  625498  63 S17  16
20170302  625498  64 S16  15
20170302  625498  65 S15  14
20170302  625498  69 S22  10
20170302  625498  79 S31   3
20170302  625498  80 S30   2
20170302  625500  12  N6  37
20170302  625500  13  N5  36
20170302  625500  15  N3  34
20170302  625500  16  N2  33
20170302  625500  18 N13  44
20170302  625500  19 N12  43
20170302  625500  20 N11  42
20170302  625500  21 N10  41
20170302  625500  22  N9  40
20170302  625500  23  N8  39
20170302  625500  24 N19  50
20170302  625500  25 N18  49
20170302  625500  26 N17  48
20170302  625500  27 N16  47
20170302  625500  28 N15  46
20170302  625500  30 N24  55
20170302  625500  31 N23  54
20170302  625500  32 N22  53
20170302  625500  33 N21  52
20170302  625500  36 N28  59
20170302  625500  42 N31  62
20170302  625500  49  S6  30
20170302  625500  50  S5  29
20170302  625500  52  S3  27
20170302  625500  53  S2  26
20170302  625500  56 S12  23
20170302  625500  57 S11  22
20170302  625500  58 S10  21
20170302  625500  59  S9  20
20170302  625500  60  S8  19
20170302  625500  62 S18  17
20170302  625500  63 S17  16
20170302  625500  64 S16  15
20170302  625500  65 S15  14
20170302  625500  66 S14  13
20170302  625500  68 S23  11
20170302  625500  69 S22  10
20170302  625500  70 S21   9
20170302  625500  71 S20   8
20170302  625500  75 S26   5
20170304  625972  21 N10  41
20170304  625972  22  N9  40
20170304  625972  27 N16  47
20170304  625972  28 N15  46
20170304  626094  16  N2  33
20170304  626094  17  N1  32
20170304  626094  53  S2  26
20170304  626094  54  S1  25
20170304  626100  63 S17  16
20170304  626100  69 S22  10
20170305  626361  12  N6  37
20170305  626362  11  N7  38
20170305  626362  18 N13  44
20170308  627765  18 N13  44
20170308  627765  19 N12  43
20170308  627765  24 N19  50
20170308  627766  13  N5  36
20170308  627766  18 N13  44
20170308  627766  19 N12  43
20170308  627766  24 N19  50
20170308  627766  25 N18  49
20170308  627767  22  N9  40
20170308  627767  23  N8  39
20170308  627767  29 N14  45
20170308  627768  16  N2  33
20170308  627768  17  N1  32
20170308  627768  23  N8  39
20170309  628228  18 N13  44
20170309  628228  24 N19  50
20170309  628228  53  S2  26
20170309  628228  59  S9  20
20170309  628228  60  S8  19
20170309  628228  65 S15  14
20170309  628229  18 N13  44
20170309  628229  19 N12  43
20170309  628229  24 N19  50
20170309  628232  23  N8  39
20170309  628232  29 N14  45
20170309  628232  49  S6  30
20170309  628232  55 S13  24
20170309  628232  56 S12  23
20170309  628232  61 S19  18
20170309  628232  62 S18  17
20170309  628233  22  N9  40
20170309  628233  23  N8  39
20170309  628233  29 N14  45
20170312  629270  73 S28   7
20170312  629271  24 N19  50
20170312  629272  24 N19  50
20170312  629273  27 N16  47
20170312  629273  28 N15  46
20170312  629273  33 N21  52
20170312  629274  28 N15  46
20170312  629274  33 N21  52
20170312  629275  75 S26   5
20170312  629275  80 S30   2
20170312  629275  81 S29   1
20170312  629276  75 S26   5
20170312  629276  80 S30   2
20170312  629276  81 S29   1
20170316  631005  75 S26   5
20170316  631005  80 S30   2
20170316  631067  67 S24  12
20170316  631067  68 S23  11
20170316  631067  73 S28   7
20170318  631908  31 N23  54
20170318  631908  32 N22  53
20170318  631908  37 N27  58
20170318  631909  31 N23  54
20170318  631909  32 N22  53
20170318  631909  37 N27  58
20170318  631911  74 S27   6
20170318  631911  75 S26   5
20170318  631911  80 S30   2
20170318  631912  74 S27   6
20170318  631912  75 S26   5
20170318  631912  80 S30   2
20170318  631995  80 S30   2
20170318  631995  51  S4  28
20170318  631995  52  S3  27
20170318  631995  58 S10  21
20170318  631996  80 S30   2
20170318  631996  51  S4  28
20170318  631996  52  S3  27
20170318  631996  58 S10  21
20170318  631998  36 N28  59
20170318  631998  37 N27  58
20170318  631998  42 N31  62
20170318  631999  36 N28  59
20170318  631999  37 N27  58
20170318  631999  42 N31  62
20170318  632036  56 S12  23
20170318  632036  57 S11  22
20170318  632049  51  S4  28
20170318  632050  51  S4  28
20170326  634042  63 S17  16
20170326  634042  68 S23  11
20170326  634042  69 S22  10
20170326  634042  74 S27   6
20170326  634042  79 S31   3
20170326  634042  80 S30   2
20170326  634043  20 N11  42
20170326  634043  21 N10  41
20170326  634043  26 N17  48
20170326  634043  27 N16  47
20170326  634043  32 N22  53
20170326  634043  68 S23  11
20170326  634043  69 S22  10
20170326  634043  74 S27   6
20170326  634043  79 S31   3
20170326  634043  80 S30   2
20170326  634048  28 N15  46
20170326  634048  34 N20  51
20170326  634114  73 S28   7
20170326  634118  44 N29  60
20170326  634119  44 N29  60
20170327  634369  55 S13  24
20170327  634369  61 S19  18
20170327  634432  73 S28   7
20170327  634479  73 S28   7
20170327  634592  32 N22  53
20170327  634592  38 N26  57
20170327  634592  43 N30  61
20170327  634592  44 N29  60
20170327  634593  55 S13  24
20170328  634775  20 N11  42
20170328  634775  21 N10  41
20170328  634775  26 N17  48
20170328  634775  27 N16  47
20170328  634775  32 N22  53
20170328  634926  75 S26   5
20170328  634926  80 S30   2
20170328  634945  70 S21   9
20170328  634945  75 S26   5
20170328  634945  80 S30   2
20170328  634957  43 N30  61
20170328  634957  44 N29  60
20170328  634964  59  S9  20
20170328  634964  60  S8  19
20170329  635138  64 S16  15
20170329  635157  11  N7  38
20170329  635157  12  N6  37
20170329  635157  18 N13  44
20170329  635163  17  N1  32
20170329  635163  23  N8  39
20170329  635243  70 S21   9
20170329  635243  75 S26   5
20170329  635289  37 N27  58
20170329  635289  42 N31  62
20170329  635289  80 S30   2
20170329  635289  81 S29   1
20170330  635527  64 S16  15
20170330  635535  20 N11  42
20170330  635535  21 N10  41
20170330  635535  26 N17  48
20170330  635535  27 N16  47
20170330  635545  11  N7  38
20170330  635545  12  N6  37
20170330  635545  18 N13  44
20170330  635561  17  N1  32
20170330  635561  54  S1  25
20170330  635676  15  N3  34
20170330  635676  21 N10  41
20170330  635676  22  N9  40
20170330  635732  11  N7  38
20170330  635732  12  N6  37
20170330  635732  48  S7  31
20170330  635732  49  S6  30
20170330  635732  55 S13  24
20170330  635738  60  S8  19
20170330  635738  66 S14  13
20170330  635754  33 N21  52
20170330  635754  38 N26  57
20170330  635754  39 N25  56
20170330  635754  44 N29  60
20170331  635928  16  N2  33
20170331  635928  17  N1  32
20170331  635928  53  S2  26
20170331  635928  54  S1  25
20170331  635930  57 S11  22
20170331  635930  63 S17  16
20170404  637323  30 N24  55
20170404  637323  65 S15  14
20170404  637323  66 S14  13
20170404  637323  70 S21   9
20170404  637323  71 S20   8
20170404  637324  25 N18  49
20170404  637324  30 N24  55
20170404  637325  30 N24  55
20170404  637336  30 N24  55
20170404  637336  65 S15  14
20170404  637336  66 S14  13
20170404  637336  70 S21   9
20170404  637336  71 S20   8
20170404  637337  25 N18  49
20170404  637337  30 N24  55
20170404  637338  30 N24  55
20170405  637588  73 S28   7
20170405  637595  37 N27  58
20170405  637595  38 N26  57
20170405  637595  43 N30  61
20170405  637656  37 N27  58
20170405  637656  42 N31  62
20170405  637656  43 N30  61
20170405  637676  42 N31  62
20170405  637688  75 S26   5
20170405  637688  76 S25   4
20170405  637688  80 S30   2
20170405  637688  81 S29   1
20170405  637700  80 S30   2
20170405  637728  55 S13  24
20170405  637728  61 S19  18
20170405  637730  71 S20   8
20170405  637730  76 S25   4
20170406  638039  79 S31   3
20170406  638040  80 S30   2
20170406  638042  34 N20  51
20170406  638042  39 N25  56
20170406  638100  37 N27  58
20170406  638100  38 N26  57
20170406  638100  43 N30  61
20170406  638169  34 N20  51
20170418  640626  75 S26   5
20170418  640626  80 S30   2
20170418  640626  81 S29   1
20170418  640676  76 S25   4
20170418  640676  81 S29   1
20170419  640870  19 N12  43
20170419  640927  20 N11  42
20170419  640927  21 N10  41
20170419  640944  37 N27  58
20170419  640944  42 N31  62
20170419  640944  43 N30  61
20170419  640949  24 N19  50
20170419  640949  25 N18  49
20170419  640949  30 N24  55
20170419  640950  24 N19  50
20170419  640950  30 N24  55
20170419  640965  81 S29   1
20170419  640966  81 S29   1
20170419  640994  79 S31   3
20170419  640994  80 S30   2
20170419  640995  43 N30  61
20170419  641024  32 N22  53
20170419  641024  37 N27  58
20170419  641025  31 N23  54
20170419  641025  32 N22  53
20170419  641025  37 N27  58
20170419  641025  38 N26  57
20170419  641025  43 N30  61
20170419  641030  12  N6  37
20170419  641030  13  N5  36
20170419  641030  14  N4  35
20170419  641030  15  N3  34
20170419  641030  16  N2  33
20170419  641030  19 N12  43
20170419  641030  20 N11  42
20170419  641030  21 N10  41
20170419  641030  22  N9  40
20170419  641030  25 N18  49
20170419  641030  26 N17  48
20170419  641030  27 N16  47
20170419  641030  28 N15  46
20170419  641030  31 N23  54
20170419  641030  32 N22  53
20170419  641030  49  S6  30
20170419  641030  50  S5  29
20170419  641030  52  S3  27
20170419  641030  53  S2  26
20170419  641030  56 S12  23
20170419  641030  57 S11  22
20170419  641030  58 S10  21
20170419  641030  59  S9  20
20170419  641030  62 S18  17
20170419  641030  63 S17  16
20170419  641030  64 S16  15
20170419  641030  65 S15  14
20170419  641030  68 S23  11
20170419  641030  69 S22  10
20170419  641030  70 S21   9
20170419  641030  74 S27   6
20170419  641030  75 S26   5
20170419  641031  58 S10  21
20170419  641031  64 S16  15
20170419  641173  67 S24  12
20170419  641173  73 S28   7
20170419  641174  67 S24  12
20170419  641174  73 S28   7
20170420  641472  57 S11  22
20170420  641520  73 S28   7
20170420  641529  73 S28   7
20170420  641529  79 S31   3
20170420  641548  20 N11  42
20170420  641548  26 N17  48
20170420  641564  36 N28  59
20170420  641564  42 N31  62
20170420  641565  36 N28  59
20170420  641565  42 N31  62
20170420  641568  79 S31   3
20170420  641578  64 S16  15
20170420  641578  69 S22  10
20170420  641578  70 S21   9
20170420  641579  37 N27  58
20170420  641579  38 N26  57
20170420  641579  43 N30  61
20170420  641612  75 S26   5
20170420  641612  76 S25   4
20170420  641612  80 S30   2
20170420  641612  81 S29   1
20170420  641770  23  N8  39
20170420  641770  29 N14  45
20170420  641771  23  N8  39
20170420  641771  29 N14  45
20170421  641983  12  N6  37
20170421  641983  13  N5  36
20170421  641983  15  N3  34
20170421  641983  16  N2  33
20170421  641983  19 N12  43
20170421  641983  20 N11  42
20170421  641983  21 N10  41
20170421  641983  22  N9  40
20170421  641983  25 N18  49
20170421  641983  26 N17  48
20170421  641983  27 N16  47
20170421  641983  28 N15  46
20170421  641983  30 N24  55
20170421  641983  31 N23  54
20170421  641983  36 N28  59
20170421  641983  37 N27  58
20170421  641983  49  S6  30
20170421  641983  50  S5  29
20170421  641983  52  S3  27
20170421  641983  53  S2  26
20170421  641983  56 S12  23
20170421  641983  57 S11  22
20170421  641983  58 S10  21
20170421  641983  59  S9  20
20170421  641983  60  S8  19
20170421  641983  62 S18  17
20170421  641983  63 S17  16
20170421  641983  64 S16  15
20170421  641983  65 S15  14
20170421  641983  68 S23  11
20170421  641983  69 S22  10
20170421  641983  70 S21   9
20170421  641983  71 S20   8
20170421  641983  74 S27   6
20170421  641983  75 S26   5
20170421  641983  76 S25   4
20170421  641983  80 S30   2
20170421  641983  81 S29   1
20170421  642031  27 N16  47
20170421  642031  28 N15  46
20170421  642053  24 N19  50
20170421  642053  25 N18  49
20170421  642053  30 N24  55
20170421  642157  42 N31  62
20170421  642184  36 N28  59
20170421  642185  11  N7  38
20170421  642185  12  N6  37
20170421  642185  48  S7  31
20170421  642185  49  S6  30
20170421  642217  55 S13  24
20170421  642217  56 S12  23
20170421  642217  61 S19  18
20170421  642217  62 S18  17
20170427  643975  32 N22  53
20170427  643975  33 N21  52
20170427  643975  37 N27  58
20170427  643975  38 N26  57
20170427  643975  57 S11  22
20170427  643975  58 S10  21
20170427  643975  63 S17  16
20170427  643975  64 S16  15
20170427  643976  42 N31  62
20170427  643990  20 N11  42
20170427  643990  26 N17  48
20170427  643997  24 N19  50
20170427  643998  24 N19  50
20170427  643998  30 N24  55
20170427  643999  80 S30   2
20170427  643999  81 S29   1
20170427  644000  80 S30   2
20170427  644000  81 S29   1
20170427  644011  20 N11  42
20170427  644011  21 N10  41
20170427  644047  31 N23  54
20170427  644047  36 N28  59
20170427  644047  37 N27  58
20170427  644047  42 N31  62
20170427  644048  36 N28  59
20170427  644048  37 N27  58
20170427  644048  42 N31  62
20170427  644057  11  N7  38
20170427  644057  48  S7  31
20170427  644060  31 N23  54
20170427  644060  36 N28  59
20170427  644060  37 N27  58
20170427  644060  42 N31  62
20170427  644061  36 N28  59
20170427  644061  37 N27  58
20170427  644061  42 N31  62
20170427  644062  32 N22  53
20170427  644062  37 N27  58
20170427  644063  31 N23  54
20170427  644063  32 N22  53
20170427  644063  37 N27  58
20170427  644063  43 N30  61
20170427  644066  38 N26  57
20170427  644066  44 N29  60
20170427  644066  73 S28   7
20170427  644066  74 S27   6
20170427  644066  79 S31   3
20170427  644066  80 S30   2
20170427  644067  25 N18  49
20170427  644067  26 N17  48
20170427  644067  31 N23  54
20170427  644067  37 N27  58
20170427  644067  70 S21   9
20170427  644067  75 S26   5
20170427  644067  76 S25   4
20170427  644067  80 S30   2
20170427  644067  81 S29   1
20170427  644075  13  N5  36
20170427  644075  14  N4  35
20170427  644075  19 N12  43
20170427  644075  20 N11  42
20170427  644076  13  N5  36
20170427  644076  20 N11  42
20170427  644077  14  N4  35
20170427  644077  20 N11  42
20170427  644078  13  N5  36
20170427  644078  14  N4  35
20170427  644078  20 N11  42
20170427  644083  11  N7  38
20170427  644083  12  N6  37
20170427  644083  18 N13  44
20170427  644084  52  S3  27
20170427  644084  53  S2  26
20170427  644084  59  S9  20
20170427  644199  12  N6  37
20170427  644199  13  N5  36
20170427  644199  49  S6  30
20170427  644199  50  S5  29
20170427  644228  61 S19  18
20170427  644229  61 S19  18
20170427  644256  16  N2  33
20170427  644256  17  N1  32
20170427  644256  22  N9  40
20170427  644256  23  N8  39
20170427  644256  29 N14  45
20170427  644257  16  N2  33
20170427  644257  17  N1  32
20170427  644257  22  N9  40
20170427  644257  23  N8  39
20170427  644257  29 N14  45
20170427  644257  49  S6  30
20170427  644257  50  S5  29
20170427  644257  56 S12  23
20170428  644567  37 N27  58
20170428  644567  42 N31  62
20170428  644567  43 N30  61
20170428  644572  24 N19  50
20170428  644572  30 N24  55
20170428  644573  24 N19  50
20170428  644573  25 N18  49
20170428  644573  30 N24  55
20170428  644588  81 S29   1
20170428  644589  81 S29   1
20170428  644617  79 S31   3
20170428  644617  80 S30   2
20170428  644651  30 N24  55
20170428  644651  76 S25   4
20170428  644651  81 S29   1
20170428  644652  12  N6  37
20170428  644652  13  N5  36
20170428  644652  15  N3  34
20170428  644652  19 N12  43
20170428  644652  20 N11  42
20170428  644652  21 N10  41
20170428  644652  22  N9  40
20170428  644652  23  N8  39
20170428  644652  25 N18  49
20170428  644652  26 N17  48
20170428  644652  27 N16  47
20170428  644652  28 N15  46
20170428  644652  29 N14  45
20170428  644652  31 N23  54
20170428  644652  32 N22  53
20170428  644652  33 N21  52
20170428  644652  34 N20  51
20170428  644652  37 N27  58
20170428  644652  38 N26  57
20170428  644652  39 N25  56
20170428  644652  42 N31  62
20170428  644652  43 N30  61
20170428  644652  44 N29  60
20170428  644652  49  S6  30
20170428  644652  50  S5  29
20170428  644652  51  S4  28
20170428  644652  52  S3  27
20170428  644652  53  S2  26
20170428  644652  56 S12  23
20170428  644652  57 S11  22
20170428  644652  58 S10  21
20170428  644652  59  S9  20
20170428  644652  62 S18  17
20170428  644652  63 S17  16
20170428  644652  64 S16  15
20170428  644652  65 S15  14
20170428  644652  67 S24  12
20170428  644652  68 S23  11
20170428  644652  69 S22  10
20170428  644652  70 S21   9
20170428  644652  73 S28   7
20170428  644652  74 S27   6
20170428  644652  75 S26   5
20170428  644652  79 S31   3
20170428  644657  33 N21  52
20170428  644657  34 N20  51
20170428  644657  39 N25  56
20170428  644657  61 S19  18
20170428  644657  62 S18  17
20170428  644657  67 S24  12
20170428  644657  68 S23  11
20170428  644657  73 S28   7
20170428  644657  74 S27   6
20170428  644657  79 S31   3
20170428  644741  57 S11  22
20170428  644741  63 S17  16
20170428  644741  64 S16  15
20170428  644741  22  N9  40
20170428  644741  28 N15  46
20170428  644741  33 N21  52
20170428  644741  61 S19  18
20170428  644741  62 S18  17
20170428  644741  67 S24  12
20170428  644741  73 S28   7
20170428  644742  57 S11  22
20170428  644742  63 S17  16
20170428  644742  61 S19  18
20170428  644742  62 S18  17
20170428  644742  67 S24  12
20170428  644742  73 S28   7
20170428  644743  67 S24  12
20170428  644743  73 S28   7
20170428  644744  67 S24  12
20170428  644744  73 S28   7
20170428  644749  36 N28  59
20170428  644749  42 N31  62
20170428  644750  36 N28  59
20170428  644750  42 N31  62
20170428  644803  16  N2  33
20170428  644803  17  N1  32
20170428  644803  23  N8  39
20170428  644804  16  N2  33
20170428  644804  17  N1  32
20170428  644804  23  N8  39
20170428  644899  73 S28   7
20170428  644900  73 S28   7
20170428  644901  73 S28   7
20170428  644902  73 S28   7
20170429  645220  33 N21  52
20170429  645220  38 N26  57
20170429  645220  44 N29  60
20170429  645220  73 S28   7
20170429  645220  74 S27   6
20170429  645220  79 S31   3
20170429  645220  80 S30   2
20170429  645231  12  N6  37
20170429  645231  13  N5  36
20170429  645231  14  N4  35
20170429  645231  15  N3  34
20170429  645231  16  N2  33
20170429  645231  19 N12  43
20170429  645231  20 N11  42
20170429  645231  21 N10  41
20170429  645231  22  N9  40
20170429  645231  25 N18  49
20170429  645231  26 N17  48
20170429  645231  27 N16  47
20170429  645231  28 N15  46
20170429  645231  31 N23  54
20170429  645231  32 N22  53
20170429  645231  33 N21  52
20170429  645231  49  S6  30
20170429  645231  50  S5  29
20170429  645231  51  S4  28
20170429  645231  52  S3  27
20170429  645231  53  S2  26
20170429  645231  56 S12  23
20170429  645231  57 S11  22
20170429  645231  58 S10  21
20170429  645231  59  S9  20
20170429  645231  62 S18  17
20170429  645231  63 S17  16
20170429  645231  64 S16  15
20170429  645231  65 S15  14
20170429  645231  68 S23  11
20170429  645231  69 S22  10
20170429  645231  70 S21   9
20170429  645231  71 S20   8
20170429  645231  73 S28   7
20170429  645231  74 S27   6
20170429  645231  75 S26   5
20170429  645232  12  N6  37
20170429  645232  13  N5  36
20170429  645232  14  N4  35
20170429  645232  15  N3  34
20170429  645232  16  N2  33
20170429  645232  19 N12  43
20170429  645232  20 N11  42
20170429  645232  21 N10  41
20170429  645232  22  N9  40
20170429  645232  25 N18  49
20170429  645232  26 N17  48
20170429  645232  27 N16  47
20170429  645232  28 N15  46
20170429  645232  31 N23  54
20170429  645232  32 N22  53
20170429  645232  33 N21  52
20170429  645232  49  S6  30
20170429  645232  50  S5  29
20170429  645232  51  S4  28
20170429  645232  52  S3  27
20170429  645232  53  S2  26
20170429  645232  56 S12  23
20170429  645232  57 S11  22
20170429  645232  58 S10  21
20170429  645232  59  S9  20
20170429  645232  60  S8  19
20170429  645232  62 S18  17
20170429  645232  63 S17  16
20170429  645232  64 S16  15
20170429  645232  65 S15  14
20170429  645232  66 S14  13
20170429  645232  67 S24  12
20170429  645232  68 S23  11
20170429  645232  69 S22  10
20170429  645232  70 S21   9
20170429  645232  71 S20   8
20170429  645232  73 S28   7
20170429  645232  74 S27   6
20170429  645232  75 S26   5
20170429  645232  79 S31   3
20170429  645232  80 S30   2
20170429  645370  16  N2  33
20170429  645370  17  N1  32
20170429  645370  53  S2  26
20170429  645370  54  S1  25
20170429  645373  15  N3  34
20170429  645373  21 N10  41
20170429  645373  22  N9  40
20170429  645373  23  N8  39
20170429  645373  28 N15  46
20170429  645374  13  N5  36
20170429  645374  15  N3  34
20170429  645374  21 N10  41
20170429  645374  22  N9  40
20170429  645374  23  N8  39
20170429  645374  28 N15  46
20170429  645374  50  S5  29
20170429  645374  51  S4  28
20170429  645374  56 S12  23
20170429  645374  57 S11  22
20170430  645631  43 N30  61
20170430  645789  54  S1  25
20170430  645809  15  N3  34
20170430  645809  16  N2  33
20170430  645809  22  N9  40
20170430  645809  28 N15  46
20170430  645809  55 S13  24
20170430  645809  61 S19  18
20170430  645810  55 S13  24
20170430  645810  56 S12  23
20170430  645810  61 S19  18
20170430  645811  55 S13  24
20170430  645811  56 S12  23
20170430  645811  61 S19  18
20170430  645812  55 S13  24
20170430  645812  61 S19  18
20170430  645815  56 S12  23
20170430  645815  62 S18  17
20170430  645816  55 S13  24
20170430  645816  56 S12  23
20170430  645816  57 S11  22
20170430  645816  61 S19  18
20170430  645816  62 S18  17
20170430  645817  55 S13  24
20170430  645817  56 S12  23
20170430  645817  57 S11  22
20170430  645817  61 S19  18
20170430  645817  62 S18  17
20170430  645818  14  N4  35
20170430  645818  15  N3  34
20170430  645818  21 N10  41
20170430  645818  22  N9  40
20170430  645818  55 S13  24
20170430  645818  56 S12  23
20170430  645818  61 S19  18
20170430  645818  62 S18  17
20170430  645837  58 S10  21
20170430  645837  64 S16  15
20170430  645838  13  N5  36
20170430  645838  14  N4  35
20170430  645838  20 N11  42
20170430  645838  21 N10  41
20170430  645838  51  S4  28
20170430  645838  58 S10  21
20170430  645838  64 S16  15
20170430  645847  59  S9  20
20170430  645847  65 S15  14
20170430  645847  36 N28  59
20170430  645848  13  N5  36
20170430  645848  14  N4  35
20170430  645848  19 N12  43
20170430  645848  20 N11  42
20170430  645848  50  S5  29
20170430  645848  59  S9  20
20170430  645848  65 S15  14
20170430  645848  36 N28  59
20170430  645849  73 S28   7
20170430  645850  73 S28   7
20170430  645865  15  N3  34
20170430  645865  16  N2  33
20170430  645865  22  N9  40
20170430  645866  15  N3  34
20170430  645866  16  N2  33
20170430  645866  22  N9  40
20170430  645867  15  N3  34
20170430  645867  16  N2  33
20170430  645867  22  N9  40
20170430  645868  15  N3  34
20170430  645868  16  N2  33
20170430  645868  22  N9  40
20170430  645879  16  N2  33
20170430  645879  17  N1  32
20170430  645879  23  N8  39
20170430  645880  16  N2  33
20170430  645880  17  N1  32
20170430  645880  23  N8  39
20170430  645881  16  N2  33
20170430  645881  17  N1  32
20170430  645881  23  N8  39
20170430  645882  16  N2  33
20170430  645882  17  N1  32
20170430  645882  23  N8  39
20170430  645915  15  N3  34
20170430  645915  22  N9  40
20170430  645916  15  N3  34
20170430  645916  22  N9  40
20170430  645917  15  N3  34
20170430  645917  22  N9  40
20170430  645918  15  N3  34
20170430  645918  22  N9  40
20170430  645919  16  N2  33
20170430  645919  23  N8  39
20170430  645920  16  N2  33
20170430  645920  23  N8  39
20170430  645921  16  N2  33
20170430  645921  23  N8  39
20170430  645922  16  N2  33
20170430  645922  23  N8  39
20170430  645943  18 N13  44
20170430  645943  24 N19  50
20170430  645968  18 N13  44
20170430  645968  24 N19  50
20170502  646463  14  N4  35
20170502  646463  21 N10  41
20170502  646486  74 S27   6
20170502  646486  79 S31   3
20170502  646486  80 S30   2
20170502  646487  18 N13  44
20170502  646487  24 N19  50
20170502  646496  22  N9  40
20170502  646496  23  N8  39
20170502  646496  28 N15  46
20170502  646496  29 N14  45
20170502  646496  34 N20  51
20170502  646539  73 S28   7
20170502  646540  43 N30  61
20170502  646569  15  N3  34
20170502  646569  21 N10  41
20170502  646569  22  N9  40
20170502  646576  36 N28  59
20170502  646576  42 N31  62
20170503  646874  25 N18  49
20170503  646874  31 N23  54
20170503  646874  36 N28  59
20170503  646874  37 N27  58
20170503  647012  43 N30  61
20170503  647046  11  N7  38
20170503  647046  48  S7  31
20170503  647047  11  N7  38
20170503  647047  48  S7  31
20170503  647048  48  S7  31
20170503  647048  49  S6  30
20170503  647049  11  N7  38
20170503  647049  12  N6  37
20170503  647049  48  S7  31
20170503  647049  49  S6  30
20170503  647049  55 S13  24
20170503  647087  43 N30  61
20170503  647088  73 S28   7
20170503  647088  79 S31   3
20170503  647089  73 S28   7
20170503  647089  79 S31   3
20170503  647090  12  N6  37
20170503  647090  13  N5  36
20170503  647090  19 N12  43
20170503  647090  25 N18  49
20170503  647090  60  S8  19
20170503  647090  66 S14  13
20170503  647090  37 N27  58
20170503  647090  42 N31  62
20170503  647091  60  S8  19
20170503  647091  66 S14  13
20170503  647091  37 N27  58
20170503  647091  42 N31  62
20170503  647112  17  N1  32
20170503  647113  17  N1  32
20170503  647122  17  N1  32
20170503  647123  17  N1  32
20170503  647128  18 N13  44
20170503  647128  24 N19  50
20170503  647129  18 N13  44
20170503  647129  19 N12  43
20170503  647129  24 N19  50
20170503  647164  17  N1  32
20170503  647165  17  N1  32
20170503  647176  17  N1  32
20170503  647176  23  N8  39
20170503  647177  17  N1  32
20170503  647177  23  N8  39
20170503  647184  18 N13  44
20170503  647184  19 N12  43
20170503  647184  24 N19  50
20170503  647185  24 N19  50
20170504  647321  11  N7  38
20170504  647321  12  N6  37
20170504  647321  13  N5  36
20170504  647321  15  N3  34
20170504  647321  16  N2  33
20170504  647321  18 N13  44
20170504  647321  19 N12  43
20170504  647321  20 N11  42
20170504  647321  21 N10  41
20170504  647321  22  N9  40
20170504  647321  24 N19  50
20170504  647321  25 N18  49
20170504  647321  26 N17  48
20170504  647321  27 N16  47
20170504  647321  28 N15  46
20170504  647321  30 N24  55
20170504  647321  31 N23  54
20170504  647321  32 N22  53
20170504  647321  33 N21  52
20170504  647321  49  S6  30
20170504  647321  50  S5  29
20170504  647321  52  S3  27
20170504  647321  53  S2  26
20170504  647321  55 S13  24
20170504  647321  56 S12  23
20170504  647321  57 S11  22
20170504  647321  58 S10  21
20170504  647321  59  S9  20
20170504  647321  60  S8  19
20170504  647321  62 S18  17
20170504  647321  63 S17  16
20170504  647321  64 S16  15
20170504  647321  65 S15  14
20170504  647321  66 S14  13
20170504  647321  68 S23  11
20170504  647321  69 S22  10
20170504  647393  55 S13  24
20170504  647393  61 S19  18
20170504  647445  29 N14  45
20170504  647629  13  N5  36
20170504  647629  49  S6  30
20170504  647629  50  S5  29
20170504  647629  56 S12  23
20170504  647630  49  S6  30
20170504  647630  50  S5  29
20170504  647669  14  N4  35
20170504  647669  15  N3  34
20170504  647669  20 N11  42
20170504  647669  21 N10  41
20170504  647669  56 S12  23
20170504  647669  57 S11  22
20170504  647669  62 S18  17
20170504  647669  63 S17  16
20170504  647670  56 S12  23
20170504  647670  57 S11  22
20170504  647670  62 S18  17
20170504  647670  63 S17  16
20170504  647671  56 S12  23
20170504  647671  57 S11  22
20170504  647671  62 S18  17
20170504  647671  63 S17  16
20170504  647672  57 S11  22
20170504  647672  63 S17  16
20170513  648092  20 N11  42
20170513  648092  26 N17  48
20170514  648387  64 S16  15
20170514  648472  36 N28  59
20170514  648472  42 N31  62
20170514  648493  16  N2  33
20170514  648493  23  N8  39
20170519  649386  25 N18  49
20170519  649386  26 N17  48
20170519  649386  30 N24  55
20170519  649386  31 N23  54
20170519  649386  36 N28  59
20170519  649386  58 S10  21
20170519  649386  59  S9  20
20170519  649386  64 S16  15
20170519  649386  65 S15  14
20170519  649386  70 S21   9
20170519  649465  37 N27  58
20170519  649465  42 N31  62
20170519  649465  75 S26   5
20170519  649465  80 S30   2
20170519  649465  81 S29   1
20170519  649497  11  N7  38
20170519  649497  12  N6  37
20170519  649497  15  N3  34
20170519  649497  16  N2  33
20170519  649497  22  N9  40
20170519  649497  48  S7  31
20170519  649497  49  S6  30
20170519  649497  52  S3  27
20170519  649497  53  S2  26
20170519  649497  55 S13  24
20170520  649713  69 S22  10
20170520  649713  70 S21   9
20170520  649713  75 S26   5
20170520  649713  80 S30   2
20170520  649803  36 N28  59
20170520  649803  37 N27  58
20170520  649803  42 N31  62
20170520  649913  13  N5  36
20170520  649913  19 N12  43
20170520  649913  20 N11  42
20170521  650082  26 N17  48
20170521  650082  27 N16  47
20170521  650082  31 N23  54
20170521  650082  32 N22  53
20170521  650082  75 S26   5
20170521  650082  80 S30   2
20170521  650097  73 S28   7
20170521  650097  79 S31   3
20170521  650150  39 N25  56
20170521  650254  58 S10  21
20170522  650425  11  N7  38
20170522  650425  12  N6  37
20170522  650425  13  N5  36
20170522  650425  18 N13  44
20170522  650425  19 N12  43
20170522  650425  20 N11  42
20170522  650425  25 N18  49
20170522  650425  26 N17  48
20170522  650425  30 N24  55
20170522  650425  31 N23  54
20170522  650425  32 N22  53
20170522  650425  36 N28  59
20170522  650425  37 N27  58
20170522  650425  42 N31  62
20170522  650425  48  S7  31
20170522  650425  49  S6  30
20170522  650425  59  S9  20
20170522  650425  65 S15  14
20170522  650426  12  N6  37
20170522  650426  13  N5  36
20170522  650426  14  N4  35
20170522  650426  15  N3  34
20170522  650426  16  N2  33
20170522  650426  19 N12  43
20170522  650426  20 N11  42
20170522  650426  21 N10  41
20170522  650426  22  N9  40
20170522  650426  25 N18  49
20170522  650426  26 N17  48
20170522  650426  27 N16  47
20170522  650426  28 N15  46
20170522  650426  31 N23  54
20170522  650426  32 N22  53
20170522  650426  33 N21  52
20170522  650426  36 N28  59
20170522  650426  37 N27  58
20170522  650426  38 N26  57
20170522  650426  43 N30  61
20170522  650426  49  S6  30
20170522  650426  50  S5  29
20170522  650426  52  S3  27
20170522  650426  53  S2  26
20170522  650426  56 S12  23
20170522  650426  57 S11  22
20170522  650426  58 S10  21
20170522  650426  59  S9  20
20170522  650426  62 S18  17
20170522  650426  63 S17  16
20170522  650426  64 S16  15
20170522  650426  65 S15  14
20170522  650426  69 S22  10
20170522  650426  75 S26   5
20170522  650426  79 S31   3
20170522  650426  80 S30   2
20170522  650426  81 S29   1
20170530  651249  17  N1  32
20170530  651269  36 N28  59
20170530  651269  37 N27  58
20170530  651269  42 N31  62
20170530  651270  75 S26   5
20170530  651270  76 S25   4
20170530  651270  81 S29   1
20170530  651304  13  N5  36
20170530  651304  14  N4  35
20170530  651304  15  N3  34
20170530  651304  21 N10  41
20170530  651304  22  N9  40
20170530  651304  50  S5  29
20170530  651304  51  S4  28
20170530  651304  57 S11  22
20170530  651304  58 S10  21
20170530  651321  43 N30  61
20170530  651321  44 N29  60
20170530  651321  68 S23  11
20170530  651321  69 S22  10
20170530  651321  74 S27   6
20170530  651321  75 S26   5
20170530  651322  73 S28   7
20170530  651361  68 S23  11
20170530  651363  52  S3  27
20170530  651363  53  S2  26
20170530  651363  59  S9  20
20170530  651363  65 S15  14
20170530  651389  56 S12  23
20170530  651389  62 S18  17
20170531  651684  14  N4  35
20170531  651684  15  N3  34
20170531  651684  19 N12  43
20170531  651684  25 N18  49
20170531  651684  51  S4  28
20170531  651684  52  S3  27
20170531  651684  58 S10  21
20170531  651684  59  S9  20
20170531  651695  39 N25  56
20170531  651695  44 N29  60
20170531  651695  62 S18  17
20170531  651695  67 S24  12
20170531  651695  68 S23  11
20170531  651695  73 S28   7
20170531  651695  74 S27   6
20170531  651743  21 N10  41
20170601  652173  34 N20  51
20170601  652173  39 N25  56
20170602  652712  30 N24  55
20170602  652919  15  N3  34
20170602  652919  21 N10  41
20170602  652919  22  N9  40
20170602  652919  27 N16  47
20170602  652919  28 N15  46
20170602  652919  56 S12  23
20170602  652919  61 S19  18
20170602  652919  62 S18  17
20170602  652919  67 S24  12
20170603  653207  75 S26   5
20170603  653207  80 S30   2
20170603  653207  81 S29   1
20170603  653211  80 S30   2
20170603  653402  15  N3  34
20170603  653402  21 N10  41
20170603  653402  22  N9  40
20170603  653402  27 N16  47
20170603  653402  28 N15  46
20170603  653402  56 S12  23
20170603  653402  61 S19  18
20170603  653402  62 S18  17
20170603  653402  67 S24  12
20170604  653804  75 S26   5
20170604  653804  80 S30   2
20170604  653804  81 S29   1
20170604  653884  61 S19  18
20170604  653884  62 S18  17
20170604  653884  67 S24  12
20170619  654924  26 N17  48
20170619  654924  31 N23  54
20170619  654924  32 N22  53
20170620  655349  19 N12  43
20170623  656050  33 N21  52
20170623  656050  34 N20  51
20170623  656050  39 N25  56
20170623  656057  73 S28   7
20170623  656061  73 S28   7
20170624  656330  73 S28   7
20170624  656337  33 N21  52
20170624  656337  34 N20  51
20170624  656337  39 N25  56
20170629  657214  19 N12  43
20170629  657214  25 N18  49
20170629  657216  19 N12  43
20170629  657216  25 N18  49
20170629  657218  19 N12  43
20170629  657218  25 N18  49
20170629  657220  19 N12  43
20170629  657220  25 N18  49
20170629  657252  19 N12  43
20170629  657252  25 N18  49
20170629  657254  19 N12  43
20170629  657254  25 N18  49
20170629  657292  28 N15  46
20170629  657292  33 N21  52
20170629  657292  34 N20  51
20170629  657292  39 N25  56
20170629  657292  56 S12  23
20170629  657292  57 S11  22
20170629  657292  62 S18  17
20170629  657292  63 S17  16
20170629  657292  68 S23  11
20170629  657293  33 N21  52
20170629  657293  34 N20  51
20170629  657293  39 N25  56
20170629  657293  56 S12  23
20170629  657293  57 S11  22
20170629  657293  62 S18  17
20170629  657293  63 S17  16
20170629  657293  68 S23  11
20170629  657294  28 N15  46
20170629  657294  29 N14  45
20170629  657294  34 N20  51
20170629  657294  39 N25  56
20170629  657294  56 S12  23
20170629  657294  57 S11  22
20170629  657294  62 S18  17
20170629  657294  63 S17  16
20170629  657296  28 N15  46
20170629  657296  33 N21  52
20170629  657296  34 N20  51
20170629  657296  39 N25  56
20170629  657297  28 N15  46
20170629  657297  33 N21  52
20170629  657297  34 N20  51
20170629  657297  39 N25  56
20170629  657298  28 N15  46
20170629  657298  29 N14  45
20170629  657298  34 N20  51
20170629  657298  39 N25  56
20170629  657300  34 N20  51
20170629  657300  39 N25  56
20170629  657301  34 N20  51
20170629  657301  39 N25  56
20170629  657302  34 N20  51
20170629  657302  39 N25  56
20170630  657460  73 S28   7
20170630  657467  33 N21  52
20170630  657467  34 N20  51
20170630  657467  39 N25  56
20170701  658055  25 N18  49
20170701  658055  26 N17  48
20170701  658055  31 N23  54
20170701  658055  32 N22  53
20170701  658055  69 S22  10
20170701  658055  70 S21   9
20170701  658055  75 S26   5
20170701  658055  80 S30   2
20170702  658483  56 S12  23
20170702  658483  61 S19  18
20170702  658483  62 S18  17
20170702  658483  67 S24  12
20170702  658521  25 N18  49
20170702  658521  26 N17  48
20170702  658521  31 N23  54
20170702  658521  32 N22  53
20170702  658521  69 S22  10
20170702  658521  70 S21   9
20170702  658521  75 S26   5
20170702  658521  80 S30   2
20170702  658556  51  S4  28
20170702  658556  52  S3  27
20170702  658556  58 S10  21
20170702  658556  64 S16  15
20170716  659221  58 S10  21
20170716  659331  69 S22  10
20170716  659331  70 S21   9
20170716  659331  75 S26   5
20170716  659331  80 S30   2
20170717  659511  75 S26   5
20170717  659511  80 S30   2
20170717  659514  29 N14  45
20170717  659514  55 S13  24
20170717  659514  61 S19  18
20170717  659560  27 N16  47
20170717  659560  28 N15  46
20170717  659560  33 N21  52
20170717  659579  55 S13  24
20170717  659579  61 S19  18
20170717  659701  61 S19  18
20170717  659701  67 S24  12
20170720  660357  17  N1  32
20170720  660357  23  N8  39
20170720  660357  29 N14  45
20170720  660357  34 N20  51
20170720  660357  55 S13  24
20170720  660357  61 S19  18
20170720  660402  13  N5  36
20170720  660402  14  N4  35
20170720  660402  20 N11  42
20170720  660416  18 N13  44
20170720  660416  19 N12  43
20170720  660416  24 N19  50
20170720  660416  25 N18  49
20170720  660416  52  S3  27
20170720  660416  53  S2  26
20170720  660416  58 S10  21
20170720  660416  59  S9  20
20170720  660416  65 S15  14
20170720  660494  64 S16  15
20170720  660494  70 S21   9
20170720  660505  63 S17  16
20170720  660505  68 S23  11
20170720  660505  69 S22  10
20170721  660764  75 S26   5
20170721  660764  80 S30   2
20170721  660773  38 N26  57
20170721  660773  43 N30  61
20170721  660773  44 N29  60
20170721  660773  63 S17  16
20170721  660773  64 S16  15
20170721  660773  68 S23  11
20170721  660773  69 S22  10
20170721  660773  74 S27   6
20170721  660774  70 S21   9
20170721  660774  71 S20   8
20170721  660774  75 S26   5
20170721  660774  76 S25   4
20170721  660774  81 S29   1
20170721  660814  23  N8  39
20170721  660814  29 N14  45
20170721  660817  12  N6  37
20170721  660817  18 N13  44
20170721  660817  19 N12  43
20170721  660878  38 N26  57
20170721  660878  43 N30  61
20170721  660878  44 N29  60
20170721  660902  12  N6  37
20170721  660902  13  N5  36
20170721  660902  49  S6  30
20170721  660902  50  S5  29
20170721  660969  67 S24  12
20170721  660969  73 S28   7
20170721  661050  52  S3  27
20170722  661252  50  S5  29
20170722  661252  56 S12  23
20170722  661252  57 S11  22
20170722  661252  62 S18  17
20170722  661252  63 S17  16
20170722  661301  24 N19  50
20170722  661301  30 N24  55
20170722  661330  11  N7  38
20170722  661330  12  N6  37
20170722  661330  18 N13  44
20170722  661330  24 N19  50
20170723  661482  36 N28  59
20170723  661482  42 N31  62
20170724  661865  14  N4  35
20170724  661865  15  N3  34
20170724  661875  57 S11  22
20170724  661881  18 N13  44
20170724  661881  24 N19  50
20170724  661930  13  N5  36
20170724  661930  14  N4  35
20170724  661966  56 S12  23
20170725  662220  15  N3  34
20170725  662220  52  S3  27
20170725  662261  44 N29  60
20170726  662706  18 N13  44
20170726  662706  19 N12  43
20170726  662706  24 N19  50
20170726  662706  25 N18  49
20170726  662706  30 N24  55
20170726  662736  18 N13  44
20170726  662736  24 N19  50
20170726  662755  17  N1  32
20170726  662755  54  S1  25
20170727  662883  64 S16  15
20170727  662883  65 S15  14
20170727  662883  69 S22  10
20170727  662883  70 S21   9
20170727  662917  33 N21  52
20170727  662917  34 N20  51
20170727  662917  39 N25  56
20170729  663216  12  N6  37
20170729  663216  13  N5  36
20170729  663216  14  N4  35
20170729  663216  15  N3  34
20170729  663216  16  N2  33
20170729  663216  19 N12  43
20170729  663216  20 N11  42
20170729  663216  21 N10  41
20170729  663216  22  N9  40
20170729  663216  25 N18  49
20170729  663216  26 N17  48
20170729  663216  27 N16  47
20170729  663216  32 N22  53
20170729  663216  33 N21  52
20170729  663216  49  S6  30
20170729  663216  50  S5  29
20170729  663216  52  S3  27
20170729  663216  53  S2  26
20170729  663216  56 S12  23
20170729  663216  57 S11  22
20170729  663216  58 S10  21
20170729  663216  59  S9  20
20170729  663216  62 S18  17
20170729  663216  63 S17  16
20170729  663216  64 S16  15
20170729  663216  65 S15  14
20170729  663216  67 S24  12
20170729  663216  68 S23  11
20170729  663216  69 S22  10
20170729  663216  70 S21   9
20170729  663216  74 S27   6
20170729  663216  75 S26   5
20170729  663216  79 S31   3
20170729  663216  80 S30   2
20170731  663688  79 S31   3
20170731  663688  80 S30   2
20170731  663732  12  N6  37
20170731  663732  13  N5  36
20170731  663732  15  N3  34
20170731  663732  16  N2  33
20170731  663732  17  N1  32
20170731  663732  19 N12  43
20170731  663732  20 N11  42
20170731  663732  21 N10  41
20170731  663732  22  N9  40
20170731  663732  23  N8  39
20170731  663732  25 N18  49
20170731  663732  26 N17  48
20170731  663732  27 N16  47
20170731  663732  28 N15  46
20170731  663732  31 N23  54
20170731  663732  32 N22  53
20170731  663732  33 N21  52
20170731  663732  49  S6  30
20170731  663732  50  S5  29
20170731  663732  51  S4  28
20170731  663732  52  S3  27
20170731  663732  53  S2  26
20170731  663732  54  S1  25
20170731  663732  56 S12  23
20170731  663732  57 S11  22
20170731  663732  58 S10  21
20170731  663732  59  S9  20
20170731  663732  60  S8  19
20170731  663732  62 S18  17
20170731  663732  63 S17  16
20170731  663732  64 S16  15
20170731  663732  65 S15  14
20170731  663732  68 S23  11
20170731  663732  69 S22  10
20170731  663732  70 S21   9
20170731  663733  18 N13  44
