#date     expnum ccd id ccdnum
# Weird shadow
20170103  606371 nan nan   54
20170103  606371 nan nan   59
20170103  606372 nan nan   54
20170103  606372 nan nan   59
20170103  606373 nan nan   54
20170103  606373 nan nan   59
20170103  606376 nan nan   55
20170103  606376 nan nan   55
20170103  606383 nan nan   59
# Airplanes
20170110  608579 nan nan   1
20170110  608579 nan nan   5
20170110  608579 nan nan   9
20170110  608579 nan nan   10
20170110  608579 nan nan   15
20170110  608579 nan nan   21
20170110  608579 nan nan   28
20170110  608579 nan nan   35
20170110  608579 nan nan   42
20170110  608579 nan nan   48
20170110  608579 nan nan   54
20170110  608579 nan nan   58
20170110  608579 nan nan   59
20170110  608579 nan nan   62
20170320  632552 nan nan   8
20170320  632552 nan nan   13
20170320  632552 nan nan   19
20170320  632552 nan nan   20
20170320  632552 nan nan   26
20170320  632552 nan nan   33
20170320  632552 nan nan   40
20170320  632552 nan nan   46
20170320  632552 nan nan   52
20170320  632552 nan nan   57
20170320  632552 nan nan   60
# Streak
20170514  648259 nan nan   02
20170328  634793 nan nan   06
20170328  634793 nan nan   07
20170125  613125 nan nan   59 
20170602  652653 nan nan   62 
