#date     expnum ccd id ccdnum
#select nite || ' ' || expnum || ' nan N15  46' as lightbulb from exposure 
# where expnum >= 694884 and expnum <= 698401 and obstype = 'object' order by expnum asc;
20171110 694885 nan N15  46
20171110 694886 nan N15  46
20171110 694887 nan N15  46
20171110 694888 nan N15  46
20171110 694889 nan N15  46
20171110 694890 nan N15  46
20171110 694891 nan N15  46
20171110 694892 nan N15  46
20171110 694893 nan N15  46
20171110 694894 nan N15  46
20171110 694895 nan N15  46
20171110 694896 nan N15  46
20171110 694897 nan N15  46
20171110 694898 nan N15  46
20171110 694899 nan N15  46
20171110 694900 nan N15  46
20171110 694901 nan N15  46
20171110 694902 nan N15  46
20171110 694903 nan N15  46
20171110 694904 nan N15  46
20171110 694905 nan N15  46
20171110 694906 nan N15  46
20171110 694907 nan N15  46
20171110 694908 nan N15  46
20171110 694909 nan N15  46
20171110 694910 nan N15  46
20171110 694911 nan N15  46
20171110 694912 nan N15  46
20171110 694913 nan N15  46
20171110 694914 nan N15  46
20171110 694915 nan N15  46
20171110 694916 nan N15  46
20171110 694917 nan N15  46
20171110 694918 nan N15  46
20171110 694919 nan N15  46
20171110 694920 nan N15  46
20171110 694921 nan N15  46
20171110 694922 nan N15  46
20171110 694923 nan N15  46
20171110 694924 nan N15  46
20171110 694925 nan N15  46
20171110 694926 nan N15  46
20171110 694927 nan N15  46
20171110 694928 nan N15  46
20171110 694929 nan N15  46
20171110 694930 nan N15  46
20171110 694931 nan N15  46
20171110 694932 nan N15  46
20171110 694933 nan N15  46
20171110 694934 nan N15  46
20171110 694935 nan N15  46
20171110 694936 nan N15  46
20171110 694937 nan N15  46
20171110 694938 nan N15  46
20171110 694939 nan N15  46
20171110 694940 nan N15  46
20171110 694941 nan N15  46
20171110 694942 nan N15  46
20171110 694943 nan N15  46
20171110 694944 nan N15  46
20171110 694945 nan N15  46
20171110 694946 nan N15  46
20171110 694947 nan N15  46
20171110 694948 nan N15  46
20171110 694949 nan N15  46
20171110 694950 nan N15  46
20171110 694951 nan N15  46
20171110 694952 nan N15  46
20171110 694953 nan N15  46
20171110 694954 nan N15  46
20171110 694955 nan N15  46
20171110 694956 nan N15  46
20171110 694957 nan N15  46
20171110 694958 nan N15  46
20171110 694959 nan N15  46
20171110 694960 nan N15  46
20171110 694961 nan N15  46
20171110 694962 nan N15  46
20171110 694963 nan N15  46
20171110 694964 nan N15  46
20171110 694965 nan N15  46
20171110 694966 nan N15  46
20171110 694967 nan N15  46
20171110 694968 nan N15  46
20171110 694969 nan N15  46
20171110 694970 nan N15  46
20171110 694971 nan N15  46
20171110 694972 nan N15  46
20171110 694973 nan N15  46
20171110 694974 nan N15  46
20171110 694975 nan N15  46
20171110 694976 nan N15  46
20171110 694977 nan N15  46
20171110 694978 nan N15  46
20171110 694979 nan N15  46
20171110 694980 nan N15  46
20171110 694981 nan N15  46
20171110 694982 nan N15  46
20171110 694983 nan N15  46
20171110 694984 nan N15  46
20171110 694985 nan N15  46
20171110 694986 nan N15  46
20171110 694987 nan N15  46
20171110 694988 nan N15  46
20171110 694989 nan N15  46
20171110 694990 nan N15  46
20171110 694991 nan N15  46
20171110 694992 nan N15  46
20171110 694993 nan N15  46
20171110 694994 nan N15  46
20171110 694995 nan N15  46
20171110 694996 nan N15  46
20171110 694997 nan N15  46
20171110 694998 nan N15  46
20171110 694999 nan N15  46
20171110 695000 nan N15  46
20171110 695001 nan N15  46
20171110 695002 nan N15  46
20171110 695003 nan N15  46
20171110 695004 nan N15  46
20171110 695005 nan N15  46
20171110 695006 nan N15  46
20171110 695007 nan N15  46
20171110 695008 nan N15  46
20171110 695009 nan N15  46
20171110 695010 nan N15  46
20171110 695011 nan N15  46
20171110 695012 nan N15  46
20171110 695013 nan N15  46
20171110 695014 nan N15  46
20171110 695015 nan N15  46
20171110 695016 nan N15  46
20171110 695017 nan N15  46
20171110 695018 nan N15  46
20171110 695019 nan N15  46
20171110 695020 nan N15  46
20171110 695021 nan N15  46
20171110 695022 nan N15  46
20171110 695023 nan N15  46
20171110 695024 nan N15  46
20171110 695025 nan N15  46
20171110 695026 nan N15  46
20171110 695027 nan N15  46
20171110 695028 nan N15  46
20171110 695029 nan N15  46
20171110 695030 nan N15  46
20171110 695031 nan N15  46
20171110 695032 nan N15  46
20171110 695033 nan N15  46
20171110 695034 nan N15  46
20171110 695035 nan N15  46
20171110 695036 nan N15  46
20171110 695037 nan N15  46
20171110 695038 nan N15  46
20171110 695039 nan N15  46
20171110 695040 nan N15  46
20171110 695041 nan N15  46
20171110 695042 nan N15  46
20171110 695043 nan N15  46
20171110 695044 nan N15  46
20171110 695045 nan N15  46
20171110 695046 nan N15  46
20171110 695047 nan N15  46
20171110 695048 nan N15  46
20171110 695049 nan N15  46
20171110 695050 nan N15  46
20171110 695051 nan N15  46
20171110 695052 nan N15  46
20171110 695053 nan N15  46
20171110 695054 nan N15  46
20171110 695055 nan N15  46
20171110 695056 nan N15  46
20171110 695057 nan N15  46
20171110 695058 nan N15  46
20171110 695059 nan N15  46
20171110 695060 nan N15  46
20171110 695061 nan N15  46
20171110 695062 nan N15  46
20171110 695063 nan N15  46
20171110 695064 nan N15  46
20171110 695065 nan N15  46
20171110 695066 nan N15  46
20171110 695067 nan N15  46
20171110 695068 nan N15  46
20171110 695069 nan N15  46
20171110 695070 nan N15  46
20171110 695071 nan N15  46
20171110 695072 nan N15  46
20171110 695073 nan N15  46
20171110 695074 nan N15  46
20171110 695075 nan N15  46
20171110 695076 nan N15  46
20171110 695077 nan N15  46
20171110 695078 nan N15  46
20171110 695079 nan N15  46
20171110 695080 nan N15  46
20171110 695081 nan N15  46
20171110 695082 nan N15  46
20171110 695083 nan N15  46
20171110 695084 nan N15  46
20171110 695085 nan N15  46
20171110 695086 nan N15  46
20171110 695087 nan N15  46
20171110 695088 nan N15  46
20171110 695089 nan N15  46
20171110 695090 nan N15  46
20171110 695091 nan N15  46
20171110 695092 nan N15  46
20171110 695093 nan N15  46
20171110 695094 nan N15  46
20171110 695095 nan N15  46
20171110 695096 nan N15  46
20171110 695097 nan N15  46
20171110 695098 nan N15  46
20171110 695099 nan N15  46
20171110 695100 nan N15  46
20171110 695101 nan N15  46
20171110 695102 nan N15  46
20171110 695103 nan N15  46
20171110 695104 nan N15  46
20171110 695105 nan N15  46
20171110 695106 nan N15  46
20171110 695107 nan N15  46
20171110 695108 nan N15  46
20171110 695109 nan N15  46
20171110 695110 nan N15  46
20171110 695111 nan N15  46
20171110 695112 nan N15  46
20171110 695113 nan N15  46
20171110 695114 nan N15  46
20171110 695115 nan N15  46
20171110 695116 nan N15  46
20171110 695117 nan N15  46
20171110 695118 nan N15  46
20171110 695119 nan N15  46
20171110 695120 nan N15  46
20171110 695121 nan N15  46
20171110 695122 nan N15  46
20171110 695123 nan N15  46
20171110 695124 nan N15  46
20171110 695125 nan N15  46
20171110 695126 nan N15  46
20171110 695127 nan N15  46
20171110 695128 nan N15  46
20171110 695129 nan N15  46
20171110 695130 nan N15  46
20171110 695131 nan N15  46
20171110 695132 nan N15  46
20171110 695133 nan N15  46
20171110 695134 nan N15  46
20171110 695135 nan N15  46
20171110 695136 nan N15  46
20171110 695137 nan N15  46
20171110 695138 nan N15  46
20171110 695139 nan N15  46
20171110 695140 nan N15  46
20171110 695141 nan N15  46
20171110 695142 nan N15  46
20171110 695143 nan N15  46
20171110 695144 nan N15  46
20171110 695145 nan N15  46
20171110 695146 nan N15  46
20171110 695147 nan N15  46
20171110 695148 nan N15  46
20171110 695149 nan N15  46
20171110 695150 nan N15  46
20171110 695151 nan N15  46
20171110 695152 nan N15  46
20171110 695153 nan N15  46
20171110 695154 nan N15  46
20171110 695155 nan N15  46
20171111 695264 nan N15  46
20171111 695265 nan N15  46
20171111 695266 nan N15  46
20171111 695267 nan N15  46
20171111 695268 nan N15  46
20171111 695269 nan N15  46
20171111 695270 nan N15  46
20171111 695271 nan N15  46
20171111 695272 nan N15  46
20171111 695273 nan N15  46
20171111 695274 nan N15  46
20171111 695275 nan N15  46
20171111 695276 nan N15  46
20171111 695277 nan N15  46
20171111 695278 nan N15  46
20171111 695279 nan N15  46
20171111 695280 nan N15  46
20171111 695281 nan N15  46
20171111 695282 nan N15  46
20171111 695283 nan N15  46
20171111 695284 nan N15  46
20171111 695285 nan N15  46
20171111 695286 nan N15  46
20171111 695287 nan N15  46
20171111 695288 nan N15  46
20171111 695289 nan N15  46
20171111 695290 nan N15  46
20171111 695291 nan N15  46
20171111 695292 nan N15  46
20171111 695293 nan N15  46
20171111 695294 nan N15  46
20171111 695295 nan N15  46
20171111 695296 nan N15  46
20171111 695297 nan N15  46
20171111 695298 nan N15  46
20171111 695299 nan N15  46
20171111 695300 nan N15  46
20171111 695301 nan N15  46
20171111 695302 nan N15  46
20171111 695303 nan N15  46
20171111 695304 nan N15  46
20171111 695305 nan N15  46
20171111 695306 nan N15  46
20171111 695307 nan N15  46
20171111 695308 nan N15  46
20171111 695309 nan N15  46
20171111 695310 nan N15  46
20171111 695311 nan N15  46
20171111 695312 nan N15  46
20171111 695313 nan N15  46
20171111 695314 nan N15  46
20171111 695315 nan N15  46
20171111 695316 nan N15  46
20171111 695317 nan N15  46
20171111 695318 nan N15  46
20171111 695319 nan N15  46
20171111 695320 nan N15  46
20171111 695321 nan N15  46
20171111 695322 nan N15  46
20171111 695323 nan N15  46
20171111 695324 nan N15  46
20171111 695325 nan N15  46
20171111 695326 nan N15  46
20171111 695327 nan N15  46
20171111 695328 nan N15  46
20171111 695329 nan N15  46
20171111 695330 nan N15  46
20171111 695331 nan N15  46
20171111 695332 nan N15  46
20171111 695333 nan N15  46
20171111 695334 nan N15  46
20171111 695335 nan N15  46
20171111 695336 nan N15  46
20171111 695337 nan N15  46
20171111 695338 nan N15  46
20171111 695339 nan N15  46
20171111 695340 nan N15  46
20171111 695341 nan N15  46
20171111 695342 nan N15  46
20171111 695343 nan N15  46
20171111 695344 nan N15  46
20171111 695345 nan N15  46
20171111 695346 nan N15  46
20171111 695347 nan N15  46
20171111 695348 nan N15  46
20171111 695349 nan N15  46
20171111 695350 nan N15  46
20171111 695351 nan N15  46
20171111 695352 nan N15  46
20171111 695353 nan N15  46
20171111 695354 nan N15  46
20171111 695355 nan N15  46
20171111 695356 nan N15  46
20171111 695357 nan N15  46
20171111 695358 nan N15  46
20171111 695359 nan N15  46
20171111 695360 nan N15  46
20171111 695361 nan N15  46
20171111 695362 nan N15  46
20171111 695363 nan N15  46
20171111 695364 nan N15  46
20171111 695365 nan N15  46
20171111 695366 nan N15  46
20171111 695367 nan N15  46
20171111 695368 nan N15  46
20171111 695369 nan N15  46
20171111 695370 nan N15  46
20171111 695371 nan N15  46
20171111 695372 nan N15  46
20171111 695373 nan N15  46
20171111 695374 nan N15  46
20171111 695375 nan N15  46
20171111 695376 nan N15  46
20171111 695377 nan N15  46
20171111 695378 nan N15  46
20171111 695379 nan N15  46
20171111 695380 nan N15  46
20171111 695381 nan N15  46
20171111 695382 nan N15  46
20171111 695383 nan N15  46
20171111 695384 nan N15  46
20171111 695385 nan N15  46
20171111 695386 nan N15  46
20171111 695387 nan N15  46
20171111 695388 nan N15  46
20171111 695389 nan N15  46
20171111 695390 nan N15  46
20171111 695391 nan N15  46
20171111 695392 nan N15  46
20171111 695393 nan N15  46
20171111 695394 nan N15  46
20171111 695395 nan N15  46
20171111 695396 nan N15  46
20171111 695397 nan N15  46
20171111 695398 nan N15  46
20171111 695399 nan N15  46
20171111 695400 nan N15  46
20171111 695401 nan N15  46
20171111 695402 nan N15  46
20171111 695403 nan N15  46
20171111 695404 nan N15  46
20171111 695405 nan N15  46
20171111 695406 nan N15  46
20171111 695407 nan N15  46
20171111 695408 nan N15  46
20171111 695409 nan N15  46
20171111 695410 nan N15  46
20171111 695411 nan N15  46
20171111 695412 nan N15  46
20171111 695413 nan N15  46
20171111 695414 nan N15  46
20171111 695415 nan N15  46
20171111 695416 nan N15  46
20171111 695417 nan N15  46
20171111 695418 nan N15  46
20171111 695419 nan N15  46
20171111 695420 nan N15  46
20171111 695421 nan N15  46
20171111 695422 nan N15  46
20171111 695423 nan N15  46
20171111 695424 nan N15  46
20171111 695425 nan N15  46
20171111 695426 nan N15  46
20171111 695427 nan N15  46
20171111 695428 nan N15  46
20171111 695429 nan N15  46
20171111 695430 nan N15  46
20171111 695431 nan N15  46
20171111 695432 nan N15  46
20171111 695433 nan N15  46
20171111 695434 nan N15  46
20171111 695435 nan N15  46
20171111 695436 nan N15  46
20171111 695437 nan N15  46
20171111 695438 nan N15  46
20171111 695439 nan N15  46
20171111 695440 nan N15  46
20171111 695441 nan N15  46
20171111 695442 nan N15  46
20171111 695443 nan N15  46
20171111 695444 nan N15  46
20171111 695445 nan N15  46
20171111 695446 nan N15  46
20171111 695447 nan N15  46
20171111 695448 nan N15  46
20171111 695449 nan N15  46
20171111 695450 nan N15  46
20171111 695451 nan N15  46
20171111 695452 nan N15  46
20171111 695453 nan N15  46
20171111 695454 nan N15  46
20171111 695455 nan N15  46
20171111 695456 nan N15  46
20171111 695457 nan N15  46
20171111 695458 nan N15  46
20171111 695459 nan N15  46
20171111 695460 nan N15  46
20171111 695461 nan N15  46
20171111 695462 nan N15  46
20171111 695463 nan N15  46
20171111 695464 nan N15  46
20171111 695465 nan N15  46
20171111 695466 nan N15  46
20171111 695467 nan N15  46
20171111 695468 nan N15  46
20171111 695469 nan N15  46
20171111 695470 nan N15  46
20171111 695471 nan N15  46
20171111 695472 nan N15  46
20171111 695473 nan N15  46
20171111 695474 nan N15  46
20171111 695475 nan N15  46
20171111 695476 nan N15  46
20171111 695477 nan N15  46
20171111 695478 nan N15  46
20171111 695479 nan N15  46
20171111 695480 nan N15  46
20171111 695481 nan N15  46
20171111 695482 nan N15  46
20171111 695483 nan N15  46
20171111 695484 nan N15  46
20171111 695485 nan N15  46
20171112 695593 nan N15  46
20171112 695594 nan N15  46
20171112 695595 nan N15  46
20171112 695596 nan N15  46
20171112 695597 nan N15  46
20171112 695598 nan N15  46
20171112 695599 nan N15  46
20171112 695600 nan N15  46
20171112 695601 nan N15  46
20171112 695602 nan N15  46
20171112 695603 nan N15  46
20171112 695604 nan N15  46
20171112 695605 nan N15  46
20171112 695606 nan N15  46
20171112 695607 nan N15  46
20171112 695608 nan N15  46
20171112 695609 nan N15  46
20171112 695610 nan N15  46
20171112 695611 nan N15  46
20171112 695612 nan N15  46
20171112 695613 nan N15  46
20171112 695614 nan N15  46
20171112 695615 nan N15  46
20171112 695616 nan N15  46
20171112 695617 nan N15  46
20171112 695618 nan N15  46
20171112 695619 nan N15  46
20171112 695620 nan N15  46
20171112 695621 nan N15  46
20171112 695622 nan N15  46
20171112 695623 nan N15  46
20171112 695624 nan N15  46
20171112 695625 nan N15  46
20171112 695626 nan N15  46
20171112 695627 nan N15  46
20171112 695628 nan N15  46
20171112 695629 nan N15  46
20171112 695630 nan N15  46
20171112 695631 nan N15  46
20171112 695632 nan N15  46
20171112 695633 nan N15  46
20171112 695634 nan N15  46
20171112 695635 nan N15  46
20171112 695636 nan N15  46
20171112 695637 nan N15  46
20171112 695638 nan N15  46
20171112 695639 nan N15  46
20171112 695640 nan N15  46
20171112 695641 nan N15  46
20171112 695642 nan N15  46
20171112 695643 nan N15  46
20171112 695644 nan N15  46
20171112 695645 nan N15  46
20171112 695646 nan N15  46
20171112 695647 nan N15  46
20171112 695648 nan N15  46
20171112 695649 nan N15  46
20171112 695650 nan N15  46
20171112 695651 nan N15  46
20171112 695652 nan N15  46
20171112 695653 nan N15  46
20171112 695654 nan N15  46
20171112 695655 nan N15  46
20171112 695656 nan N15  46
20171112 695657 nan N15  46
20171112 695658 nan N15  46
20171112 695659 nan N15  46
20171112 695660 nan N15  46
20171112 695661 nan N15  46
20171112 695662 nan N15  46
20171112 695663 nan N15  46
20171112 695664 nan N15  46
20171112 695665 nan N15  46
20171112 695666 nan N15  46
20171112 695667 nan N15  46
20171112 695668 nan N15  46
20171112 695669 nan N15  46
20171112 695670 nan N15  46
20171112 695671 nan N15  46
20171112 695672 nan N15  46
20171112 695673 nan N15  46
20171112 695674 nan N15  46
20171112 695675 nan N15  46
20171112 695676 nan N15  46
20171112 695677 nan N15  46
20171112 695678 nan N15  46
20171112 695679 nan N15  46
20171112 695680 nan N15  46
20171112 695681 nan N15  46
20171112 695682 nan N15  46
20171112 695683 nan N15  46
20171112 695684 nan N15  46
20171112 695685 nan N15  46
20171112 695686 nan N15  46
20171112 695687 nan N15  46
20171112 695688 nan N15  46
20171112 695689 nan N15  46
20171112 695690 nan N15  46
20171112 695691 nan N15  46
20171112 695692 nan N15  46
20171112 695693 nan N15  46
20171112 695694 nan N15  46
20171112 695695 nan N15  46
20171112 695696 nan N15  46
20171112 695697 nan N15  46
20171112 695698 nan N15  46
20171112 695699 nan N15  46
20171112 695700 nan N15  46
20171112 695701 nan N15  46
20171112 695702 nan N15  46
20171112 695703 nan N15  46
20171112 695704 nan N15  46
20171112 695705 nan N15  46
20171112 695706 nan N15  46
20171112 695707 nan N15  46
20171112 695708 nan N15  46
20171112 695709 nan N15  46
20171112 695710 nan N15  46
20171112 695711 nan N15  46
20171112 695712 nan N15  46
20171112 695713 nan N15  46
20171112 695714 nan N15  46
20171112 695715 nan N15  46
20171112 695716 nan N15  46
20171112 695717 nan N15  46
20171112 695718 nan N15  46
20171112 695719 nan N15  46
20171112 695720 nan N15  46
20171112 695721 nan N15  46
20171112 695722 nan N15  46
20171112 695723 nan N15  46
20171112 695724 nan N15  46
20171112 695725 nan N15  46
20171112 695726 nan N15  46
20171112 695727 nan N15  46
20171112 695728 nan N15  46
20171112 695729 nan N15  46
20171112 695730 nan N15  46
20171112 695731 nan N15  46
20171112 695732 nan N15  46
20171112 695733 nan N15  46
20171112 695734 nan N15  46
20171112 695735 nan N15  46
20171112 695736 nan N15  46
20171112 695737 nan N15  46
20171112 695738 nan N15  46
20171112 695739 nan N15  46
20171112 695740 nan N15  46
20171112 695741 nan N15  46
20171112 695742 nan N15  46
20171112 695743 nan N15  46
20171112 695744 nan N15  46
20171112 695745 nan N15  46
20171112 695746 nan N15  46
20171112 695747 nan N15  46
20171112 695748 nan N15  46
20171112 695749 nan N15  46
20171112 695750 nan N15  46
20171112 695751 nan N15  46
20171112 695752 nan N15  46
20171112 695753 nan N15  46
20171112 695754 nan N15  46
20171112 695755 nan N15  46
20171112 695756 nan N15  46
20171112 695757 nan N15  46
20171112 695758 nan N15  46
20171112 695759 nan N15  46
20171112 695760 nan N15  46
20171112 695761 nan N15  46
20171112 695762 nan N15  46
20171112 695763 nan N15  46
20171112 695764 nan N15  46
20171112 695765 nan N15  46
20171112 695766 nan N15  46
20171112 695767 nan N15  46
20171112 695768 nan N15  46
20171112 695769 nan N15  46
20171112 695770 nan N15  46
20171112 695771 nan N15  46
20171112 695772 nan N15  46
20171112 695773 nan N15  46
20171112 695774 nan N15  46
20171112 695775 nan N15  46
20171112 695776 nan N15  46
20171112 695777 nan N15  46
20171112 695778 nan N15  46
20171112 695779 nan N15  46
20171112 695780 nan N15  46
20171112 695781 nan N15  46
20171112 695782 nan N15  46
20171112 695783 nan N15  46
20171112 695784 nan N15  46
20171112 695785 nan N15  46
20171112 695786 nan N15  46
20171112 695787 nan N15  46
20171112 695788 nan N15  46
20171112 695789 nan N15  46
20171112 695790 nan N15  46
20171112 695791 nan N15  46
20171112 695792 nan N15  46
20171112 695793 nan N15  46
20171112 695794 nan N15  46
20171112 695795 nan N15  46
20171112 695796 nan N15  46
20171112 695797 nan N15  46
20171112 695798 nan N15  46
20171112 695799 nan N15  46
20171112 695800 nan N15  46
20171112 695801 nan N15  46
20171112 695802 nan N15  46
20171112 695803 nan N15  46
20171112 695804 nan N15  46
20171112 695805 nan N15  46
20171112 695806 nan N15  46
20171112 695807 nan N15  46
20171112 695808 nan N15  46
20171112 695809 nan N15  46
20171112 695810 nan N15  46
20171112 695811 nan N15  46
20171112 695812 nan N15  46
20171112 695813 nan N15  46
20171112 695814 nan N15  46
20171112 695815 nan N15  46
20171112 695816 nan N15  46
20171112 695817 nan N15  46
20171112 695818 nan N15  46
20171112 695819 nan N15  46
20171112 695820 nan N15  46
20171112 695821 nan N15  46
20171112 695822 nan N15  46
20171112 695823 nan N15  46
20171112 695824 nan N15  46
20171112 695825 nan N15  46
20171112 695826 nan N15  46
20171112 695827 nan N15  46
20171112 695828 nan N15  46
20171112 695829 nan N15  46
20171112 695830 nan N15  46
20171112 695831 nan N15  46
20171112 695832 nan N15  46
20171112 695833 nan N15  46
20171113 695969 nan N15  46
20171113 695970 nan N15  46
20171113 695986 nan N15  46
20171113 696011 nan N15  46
20171113 696060 nan N15  46
20171113 696071 nan N15  46
20171113 696090 nan N15  46
20171114 696264 nan N15  46
20171114 696268 nan N15  46
20171114 696271 nan N15  46
20171114 696272 nan N15  46
20171114 696273 nan N15  46
20171114 696274 nan N15  46
20171114 696281 nan N15  46
20171114 696282 nan N15  46
20171114 696283 nan N15  46
20171114 696290 nan N15  46
20171114 696291 nan N15  46
20171114 696292 nan N15  46
20171114 696299 nan N15  46
20171114 696309 nan N15  46
20171114 696323 nan N15  46
20171114 696324 nan N15  46
20171114 696325 nan N15  46
20171114 696326 nan N15  46
20171114 696327 nan N15  46
20171114 696328 nan N15  46
20171114 696329 nan N15  46
20171114 696331 nan N15  46
20171114 696346 nan N15  46
20171114 696347 nan N15  46
20171114 696356 nan N15  46
20171114 696357 nan N15  46
20171114 696369 nan N15  46
20171114 696378 nan N15  46
20171114 696379 nan N15  46
20171114 696386 nan N15  46
20171114 696387 nan N15  46
20171114 696388 nan N15  46
20171114 696389 nan N15  46
20171114 696390 nan N15  46
20171114 696391 nan N15  46
20171114 696392 nan N15  46
20171114 696393 nan N15  46
20171114 696394 nan N15  46
20171114 696395 nan N15  46
20171114 696396 nan N15  46
20171114 696397 nan N15  46
20171114 696398 nan N15  46
20171114 696399 nan N15  46
20171114 696400 nan N15  46
20171114 696401 nan N15  46
20171114 696416 nan N15  46
20171114 696417 nan N15  46
20171114 696419 nan N15  46
20171114 696420 nan N15  46
20171114 696432 nan N15  46
20171115 696503 nan N15  46
20171115 696504 nan N15  46
20171115 696505 nan N15  46
20171115 696506 nan N15  46
20171115 696507 nan N15  46
20171115 696508 nan N15  46
20171115 696514 nan N15  46
20171115 696515 nan N15  46
20171115 696516 nan N15  46
20171115 696523 nan N15  46
20171115 696524 nan N15  46
20171115 696525 nan N15  46
20171115 696533 nan N15  46
20171115 696542 nan N15  46
20171115 696543 nan N15  46
20171115 696544 nan N15  46
20171115 696549 nan N15  46
20171115 696550 nan N15  46
20171115 696551 nan N15  46
20171115 696554 nan N15  46
20171115 696555 nan N15  46
20171115 696556 nan N15  46
20171115 696557 nan N15  46
20171115 696558 nan N15  46
20171115 696559 nan N15  46
20171115 696560 nan N15  46
20171115 696561 nan N15  46
20171115 696566 nan N15  46
20171115 696570 nan N15  46
20171115 696573 nan N15  46
20171115 696608 nan N15  46
20171115 696612 nan N15  46
20171115 696613 nan N15  46
20171115 696614 nan N15  46
20171115 696615 nan N15  46
20171115 696616 nan N15  46
20171115 696617 nan N15  46
20171115 696618 nan N15  46
20171115 696619 nan N15  46
20171115 696620 nan N15  46
20171115 696621 nan N15  46
20171115 696622 nan N15  46
20171115 696623 nan N15  46
20171115 696624 nan N15  46
20171115 696625 nan N15  46
20171115 696626 nan N15  46
20171115 696666 nan N15  46
20171116 696857 nan N15  46
20171116 696860 nan N15  46
20171116 696862 nan N15  46
20171116 696865 nan N15  46
20171116 696866 nan N15  46
20171116 696874 nan N15  46
20171116 696875 nan N15  46
20171116 696876 nan N15  46
20171116 696877 nan N15  46
20171116 696878 nan N15  46
20171116 696879 nan N15  46
20171116 696880 nan N15  46
20171116 696881 nan N15  46
20171116 696882 nan N15  46
20171116 696883 nan N15  46
20171116 696884 nan N15  46
20171116 696885 nan N15  46
20171116 696897 nan N15  46
20171116 696901 nan N15  46
20171116 696902 nan N15  46
20171116 696905 nan N15  46
20171116 696906 nan N15  46
20171116 696910 nan N15  46
20171116 696917 nan N15  46
20171116 696970 nan N15  46
20171116 696971 nan N15  46
20171116 696972 nan N15  46
20171116 696973 nan N15  46
20171116 696974 nan N15  46
20171116 696975 nan N15  46
20171116 696976 nan N15  46
20171116 696977 nan N15  46
20171116 696978 nan N15  46
20171116 696979 nan N15  46
20171116 696980 nan N15  46
20171116 696981 nan N15  46
20171116 696982 nan N15  46
20171116 696983 nan N15  46
20171116 696984 nan N15  46
20171116 696985 nan N15  46
20171116 697004 nan N15  46
20171116 697015 nan N15  46
20171116 697016 nan N15  46
20171117 697214 nan N15  46
20171117 697218 nan N15  46
20171117 697220 nan N15  46
20171117 697221 nan N15  46
20171117 697222 nan N15  46
20171117 697223 nan N15  46
20171117 697224 nan N15  46
20171117 697225 nan N15  46
20171117 697226 nan N15  46
20171117 697227 nan N15  46
20171117 697228 nan N15  46
20171117 697229 nan N15  46
20171117 697244 nan N15  46
20171117 697245 nan N15  46
20171117 697246 nan N15  46
20171117 697247 nan N15  46
20171117 697249 nan N15  46
20171117 697250 nan N15  46
20171117 697261 nan N15  46
20171117 697262 nan N15  46
20171117 697263 nan N15  46
20171117 697264 nan N15  46
20171117 697265 nan N15  46
20171117 697266 nan N15  46
20171117 697267 nan N15  46
20171117 697271 nan N15  46
20171117 697272 nan N15  46
20171117 697283 nan N15  46
20171117 697289 nan N15  46
20171117 697291 nan N15  46
20171117 697296 nan N15  46
20171117 697297 nan N15  46
20171117 697298 nan N15  46
20171117 697299 nan N15  46
20171117 697300 nan N15  46
20171117 697304 nan N15  46
20171117 697305 nan N15  46
20171117 697319 nan N15  46
20171117 697322 nan N15  46
20171117 697323 nan N15  46
20171117 697324 nan N15  46
20171117 697325 nan N15  46
20171117 697326 nan N15  46
20171117 697327 nan N15  46
20171117 697328 nan N15  46
20171117 697329 nan N15  46
20171117 697330 nan N15  46
20171117 697331 nan N15  46
20171117 697332 nan N15  46
20171117 697333 nan N15  46
20171117 697334 nan N15  46
20171117 697335 nan N15  46
20171117 697336 nan N15  46
20171117 697337 nan N15  46
20171117 697343 nan N15  46
20171117 697348 nan N15  46
20171117 697379 nan N15  46
20171117 697388 nan N15  46
20171117 697390 nan N15  46
20171117 697391 nan N15  46
20171118 697577 nan N15  46
20171118 697581 nan N15  46
20171118 697582 nan N15  46
20171118 697593 nan N15  46
20171118 697597 nan N15  46
20171118 697600 nan N15  46
20171118 697612 nan N15  46
20171118 697615 nan N15  46
20171118 697634 nan N15  46
20171118 697707 nan N15  46
20171119 697893 nan N15  46
20171119 697894 nan N15  46
20171119 697895 nan N15  46
20171119 697907 nan N15  46
20171119 697912 nan N15  46
20171119 697944 nan N15  46
20171119 697966 nan N15  46
20171119 697967 nan N15  46
20171119 697970 nan N15  46
20171119 697971 nan N15  46
20171119 697972 nan N15  46
20171119 697973 nan N15  46
20171119 697974 nan N15  46
20171119 697975 nan N15  46
20171119 697977 nan N15  46
20171119 697978 nan N15  46
20171119 697981 nan N15  46
20171119 697982 nan N15  46
20171119 697984 nan N15  46
20171119 697985 nan N15  46
20171119 697986 nan N15  46
20171119 697987 nan N15  46
20171119 697988 nan N15  46
20171119 697989 nan N15  46
20171119 697990 nan N15  46
20171119 697991 nan N15  46
20171119 697992 nan N15  46
20171119 697993 nan N15  46
20171119 697994 nan N15  46
20171119 697998 nan N15  46
20171119 697999 nan N15  46
20171119 698009 nan N15  46
20171119 698033 nan N15  46
20171119 698056 nan N15  46
20171119 698083 nan N15  46
20171120 698222 nan N15  46
20171120 698223 nan N15  46
20171120 698230 nan N15  46
20171120 698231 nan N15  46
20171120 698232 nan N15  46
20171120 698233 nan N15  46
20171120 698234 nan N15  46
20171120 698235 nan N15  46
20171120 698236 nan N15  46
20171120 698237 nan N15  46
20171120 698238 nan N15  46
20171120 698239 nan N15  46
20171120 698240 nan N15  46
20171120 698241 nan N15  46
20171120 698242 nan N15  46
20171120 698243 nan N15  46
20171120 698244 nan N15  46
20171120 698245 nan N15  46
20171120 698246 nan N15  46
20171120 698247 nan N15  46
20171120 698248 nan N15  46
20171120 698249 nan N15  46
20171120 698250 nan N15  46
20171120 698251 nan N15  46
20171120 698252 nan N15  46
20171120 698253 nan N15  46
20171120 698254 nan N15  46
20171120 698255 nan N15  46
20171120 698256 nan N15  46
20171120 698257 nan N15  46
20171120 698258 nan N15  46
20171120 698259 nan N15  46
20171120 698260 nan N15  46
20171120 698261 nan N15  46
20171120 698262 nan N15  46
20171120 698263 nan N15  46
20171120 698264 nan N15  46
20171120 698265 nan N15  46
20171120 698266 nan N15  46
20171120 698267 nan N15  46
20171120 698268 nan N15  46
20171120 698269 nan N15  46
20171121 698398 nan N15  46
20171121 698399 nan N15  46
20171121 698400 nan N15  46
20171121 698401 nan N15  46
20171206 702394 nan N15  46
20171206 702395 nan N15  46
20171207 702717 nan N15  46
20171207 702718 nan N15  46
20171207 702721 nan N15  46
20171207 702733 nan N15  46
20171207 702734 nan N15  46
20171207 702735 nan N15  46
20171207 702736 nan N15  46
20171207 702816 nan N15  46
20171207 702817 nan N15  46
20171207 702833 nan N15  46
20171207 702866 nan N15  46
20171208 703262 nan N15  46
20171208 703263 nan N15  46
20171208 703268 nan N15  46

