#date     expnum ccd id ccdnum
20121027  143254  56 S12  23
20121101  145561  67 S24  12
20121101  145561  73 S28   7
20121101  145563  63 S17  16
20121101  145563  64 S16  15
20121101  145563  69 S22  10
20121101  145567  67 S24  12
20121101  145567  73 S28   7
20121101  145569  63 S17  16
20121101  145569  64 S16  15
20121101  145569  69 S22  10
20121103  146333  25 N18  49
20121103  146333  30 N24  55
20121103  146334  25 N18  49
20121103  146334  30 N24  55
20121103  146335  25 N18  49
20121103  146336  25 N18  49
20121103  146339  25 N18  49
20121103  146340  25 N18  49
20121103  146340  30 N24  55
20121103  146341  25 N18  49
20121103  146342  25 N18  49
20121103  146344  25 N18  49
20121103  146345  25 N18  49
20121103  146346  25 N18  49
20121103  146346  30 N24  55
20121103  146347  25 N18  49
20121103  146348  25 N18  49
20121103  146350  25 N18  49
20121103  146351  25 N18  49
20121103  146364  25 N18  49
20121103  146364  30 N24  55
20121103  146365  25 N18  49
20121103  146366  25 N18  49
20121103  146368  25 N18  49
20121103  146369  25 N18  49
20121107  148661  18 N13  44
20121107  148661  24 N19  50
20121107  148661  25 N18  49
20121107  148661  30 N24  55
20121107  148672  11  N7  38
20121107  148672  12  N6  37
20121107  148672  18 N13  44
20121107  148672  24 N19  50
20121107  148675  18 N13  44
20121107  148675  19 N12  43
20121107  148675  24 N19  50
20121107  148675  25 N18  49
20121107  148681  17  N1  32
20121107  148681  23  N8  39
20121107  148684  29 N14  45
20121107  148684  34 N20  51
20121107  148687  28 N15  46
20121107  148690  15  N3  34
20121107  148690  16  N2  33
20121122  154550  73 S28   7
20121122  154550  79 S31   3
20121122  154551  73 S28   7
20121122  154551  79 S31   3
20121122  154552  74 S27   6
20121122  154553  74 S27   6
20121122  154558  12  N6  37
20121122  154558  13  N5  36
20121122  154558  15  N3  34
20121122  154558  16  N2  33
20121122  154558  19 N12  43
20121122  154558  20 N11  42
20121122  154558  21 N10  41
20121122  154558  22  N9  40
20121122  154558  26 N17  48
20121122  154558  27 N16  47
20121122  154558  49  S6  30
20121122  154558  50  S5  29
20121122  154558  52  S3  27
20121122  154558  53  S2  26
20121122  154558  56 S12  23
20121122  154558  57 S11  22
20121122  154558  58 S10  21
20121122  154558  59  S9  20
20121122  154558  62 S18  17
20121122  154558  63 S17  16
20121122  154558  64 S16  15
20121122  154558  65 S15  14
20121122  154558  68 S23  11
20121122  154558  69 S22  10
20121122  154558  70 S21   9
20121122  154558  74 S27   6
20121122  154558  79 S31   3
20121122  154558  80 S30   2
20121122  154559  12  N6  37
20121122  154559  13  N5  36
20121122  154559  15  N3  34
20121122  154559  16  N2  33
20121122  154559  19 N12  43
20121122  154559  20 N11  42
20121122  154559  21 N10  41
20121122  154559  22  N9  40
20121122  154559  25 N18  49
20121122  154559  26 N17  48
20121122  154559  27 N16  47
20121122  154559  28 N15  46
20121122  154559  31 N23  54
20121122  154559  32 N22  53
20121122  154559  49  S6  30
20121122  154559  50  S5  29
20121122  154559  52  S3  27
20121122  154559  53  S2  26
20121122  154559  56 S12  23
20121122  154559  57 S11  22
20121122  154559  58 S10  21
20121122  154559  59  S9  20
20121122  154559  62 S18  17
20121122  154559  63 S17  16
20121122  154559  64 S16  15
20121122  154559  65 S15  14
20121122  154559  68 S23  11
20121122  154559  69 S22  10
20121122  154559  70 S21   9
20121122  154559  74 S27   6
20121122  154559  75 S26   5
20121122  154559  79 S31   3
20121122  154559  80 S30   2
20121123  154969  11  N7  38
20121123  154969  18 N13  44
20121123  154970  11  N7  38
20121123  154970  18 N13  44
20121123  154971  11  N7  38
20121123  154971  18 N13  44
20121123  154972  11  N7  38
20121123  154972  18 N13  44
20121124  155459  64 S16  15
20121124  155460  58 S10  21
20121124  155460  64 S16  15
20121210  160199  55 S13  24
20121210  160199  56 S12  23
20121210  160199  61 S19  18
20121210  160199  62 S18  17
20121210  160199  67 S24  12
20121210  160212  55 S13  24
20121210  160212  56 S12  23
20121210  160212  61 S19  18
20121210  160212  62 S18  17
20121210  160212  67 S24  12
20121210  160228  55 S13  24
20121210  160228  56 S12  23
20121210  160228  61 S19  18
20121210  160228  62 S18  17
20121210  160228  67 S24  12
20130104  165635  32 N22  53
20130104  165635  37 N27  58
20130104  165635  38 N26  57
20130104  165635  57 S11  22
20130104  165635  58 S10  21
20130104  165635  63 S17  16
20130104  165635  64 S16  15
20130106  166480  32 N22  53
20130106  166480  37 N27  58
20130106  166480  38 N26  57
20130106  166480  57 S11  22
20130106  166480  58 S10  21
20130106  166480  63 S17  16
20130106  166480  64 S16  15
20130106  166482  32 N22  53
20130106  166482  37 N27  58
20130106  166482  38 N26  57
20130106  166482  57 S11  22
20130106  166482  58 S10  21
20130106  166482  63 S17  16
20130106  166482  64 S16  15
20130106  166484  32 N22  53
20130106  166484  37 N27  58
20130106  166484  38 N26  57
20130106  166484  57 S11  22
20130106  166484  58 S10  21
20130106  166484  63 S17  16
20130106  166484  64 S16  15
20130129  173397  38 N26  57
20130129  173397  39 N25  56
20130129  173397  44 N29  60
20130129  173398  38 N26  57
20130129  173398  39 N25  56
20130129  173398  44 N29  60
20130129  173418  38 N26  57
20130129  173418  39 N25  56
20130129  173418  44 N29  60
20130129  173419  38 N26  57
20130129  173419  39 N25  56
20130129  173419  44 N29  60
20130129  173420  39 N25  56
20130129  173420  44 N29  60
20130129  173421  39 N25  56
20130129  173421  44 N29  60
20130129  173422  38 N26  57
20130129  173422  39 N25  56
20130129  173423  38 N26  57
20130129  173423  44 N29  60
20130129  173426  33 N21  52
20130129  173426  38 N26  57
20130129  173429  21 N10  41
20130129  173429  22  N9  40
20130210  177055  32 N22  53
20130210  177056  32 N22  53
20130210  177057  26 N17  48
20130210  177057  31 N23  54
20130210  177057  32 N22  53
20130210  177058  27 N16  47
20130210  177058  32 N22  53
20130210  177059  32 N22  53
20130210  177059  38 N26  57
20130210  177060  31 N23  54
20130210  177060  32 N22  53
20130210  177060  37 N27  58
20130210  177061  26 N17  48
20130210  177061  27 N16  47
20130210  177061  32 N22  53
20130210  177061  37 N27  58
20130210  177061  38 N26  57
20130210  177062  26 N17  48
20130210  177062  31 N23  54
20130210  177062  32 N22  53
20130210  177068  26 N17  48
20130210  177068  27 N16  47
20130210  177068  32 N22  53
20130210  177068  33 N21  52
20130210  177069  32 N22  53
20130210  177069  33 N21  52
20130210  177069  37 N27  58
20130210  177069  38 N26  57
20130210  177070  31 N23  54
20130210  177070  32 N22  53
20130210  177070  37 N27  58
20130217  178860  64 S16  15
20130217  178861  58 S10  21
20130217  178861  64 S16  15
20130219  179504  64 S16  15
20130219  179505  58 S10  21
20130219  179505  64 S16  15
20130219  179552  55 S13  24
20130219  179552  61 S19  18
20130219  179553  19 N12  43
20130219  179553  24 N19  50
20130219  179553  25 N18  49
20130219  179553  30 N24  55
20130219  179588  55 S13  24
20130219  179588  61 S19  18
20130219  179589  19 N12  43
20130219  179589  24 N19  50
20130219  179589  25 N18  49
20130219  179589  30 N24  55
20130228  183010  61 S19  18
20130228  183010  67 S24  12
20130228  183011  61 S19  18
20130228  183011  67 S24  12
20130301  183313  13  N5  36
20130301  183313  14  N4  35
20130301  183319  12  N6  37
20130301  183319  14  N4  35
20130301  183319  15  N3  34
20130301  183319  16  N2  33
20130301  183319  17  N1  32
20130301  183319  21 N10  41
20130301  183319  22  N9  40
20130301  183319  23  N8  39
20130301  183319  28 N15  46
20130301  183319  29 N14  45
20130301  183319  49  S6  30
20130301  183319  50  S5  29
20130301  183319  52  S3  27
20130301  183319  53  S2  26
20130301  183319  54  S1  25
20130301  183319  55 S13  24
20130301  183319  56 S12  23
20130301  183319  59  S9  20
20130301  183319  60  S8  19
20130301  183320  12  N6  37
20130301  183320  14  N4  35
20130301  183320  15  N3  34
20130301  183320  16  N2  33
20130301  183320  17  N1  32
20130301  183320  21 N10  41
20130301  183320  22  N9  40
20130301  183320  23  N8  39
20130301  183320  28 N15  46
20130301  183320  29 N14  45
20130301  183320  34 N20  51
20130301  183320  49  S6  30
20130301  183320  50  S5  29
20130301  183320  51  S4  28
20130301  183320  52  S3  27
20130301  183320  53  S2  26
20130301  183320  54  S1  25
20130301  183320  55 S13  24
20130301  183320  56 S12  23
20130301  183320  59  S9  20
20130301  183320  60  S8  19
20130302  183634  21 N10  41
20130302  183634  27 N16  47
20130302  183635  21 N10  41
20130302  183635  27 N16  47
20130304  184124  52  S3  27
20130304  184125  52  S3  27
20130305  184414  73 S28   7
20130305  184414  74 S27   6
20130305  184414  79 S31   3
20130305  184415  73 S28   7
20130305  184415  74 S27   6
20130305  184415  79 S31   3
20130305  184416  73 S28   7
20130305  184416  74 S27   6
20130305  184416  79 S31   3
20130305  184417  73 S28   7
20130305  184417  74 S27   6
20130305  184417  79 S31   3
20130305  184426  18 N13  44
20130305  184426  19 N12  43
20130305  184427  18 N13  44
20130305  184427  19 N12  43
20130305  184428  38 N26  57
20130305  184428  39 N25  56
20130305  184428  44 N29  60
20130305  184428  79 S31   3
20130305  184429  33 N21  52
20130305  184429  39 N25  56
20130305  184429  44 N29  60
20130305  184429  79 S31   3
20130305  184432  56 S12  23
20130305  184432  61 S19  18
20130305  184432  62 S18  17
20130305  184432  67 S24  12
20130305  184432  73 S28   7
20130305  184433  61 S19  18
20130305  184433  62 S18  17
20130305  184433  67 S24  12
20130305  184433  73 S28   7
20130305  184464  71 S20   8
20130305  184464  75 S26   5
20130305  184464  76 S25   4
20130305  184464  81 S29   1
20130305  184465  71 S20   8
20130305  184465  75 S26   5
20130305  184465  76 S25   4
20130305  184468  12  N6  37
20130305  184468  13  N5  36
20130305  184468  14  N4  35
20130305  184468  15  N3  34
20130305  184468  16  N2  33
20130305  184468  17  N1  32
20130305  184468  19 N12  43
20130305  184468  20 N11  42
20130305  184468  21 N10  41
20130305  184468  22  N9  40
20130305  184468  23  N8  39
20130305  184468  25 N18  49
20130305  184468  26 N17  48
20130305  184468  27 N16  47
20130305  184468  28 N15  46
20130305  184468  29 N14  45
20130305  184468  31 N23  54
20130305  184468  32 N22  53
20130305  184468  33 N21  52
20130305  184468  34 N20  51
20130305  184468  37 N27  58
20130305  184468  38 N26  57
20130305  184468  39 N25  56
20130305  184468  43 N30  61
20130305  184468  44 N29  60
20130305  184468  49  S6  30
20130305  184468  50  S5  29
20130305  184468  51  S4  28
20130305  184468  52  S3  27
20130305  184468  53  S2  26
20130305  184468  54  S1  25
20130305  184468  55 S13  24
20130305  184468  56 S12  23
20130305  184468  57 S11  22
20130305  184468  58 S10  21
20130305  184468  59  S9  20
20130305  184468  60  S8  19
20130305  184468  62 S18  17
20130305  184468  63 S17  16
20130305  184468  64 S16  15
20130305  184468  65 S15  14
20130305  184468  67 S24  12
20130305  184468  68 S23  11
20130305  184468  69 S22  10
20130305  184468  70 S21   9
20130305  184468  74 S27   6
20130305  184469  12  N6  37
20130305  184469  13  N5  36
20130305  184469  14  N4  35
20130305  184469  15  N3  34
20130305  184469  16  N2  33
20130305  184469  17  N1  32
20130305  184469  19 N12  43
20130305  184469  20 N11  42
20130305  184469  21 N10  41
20130305  184469  22  N9  40
20130305  184469  23  N8  39
20130305  184469  25 N18  49
20130305  184469  26 N17  48
20130305  184469  27 N16  47
20130305  184469  28 N15  46
20130305  184469  29 N14  45
20130305  184469  31 N23  54
20130305  184469  32 N22  53
20130305  184469  33 N21  52
20130305  184469  34 N20  51
20130305  184469  37 N27  58
20130305  184469  38 N26  57
20130305  184469  39 N25  56
20130305  184469  43 N30  61
20130305  184469  44 N29  60
20130305  184469  49  S6  30
20130305  184469  50  S5  29
20130305  184469  51  S4  28
20130305  184469  52  S3  27
20130305  184469  53  S2  26
20130305  184469  54  S1  25
20130305  184469  55 S13  24
20130305  184469  56 S12  23
20130305  184469  57 S11  22
20130305  184469  58 S10  21
20130305  184469  59  S9  20
20130305  184469  60  S8  19
20130305  184469  62 S18  17
20130305  184469  63 S17  16
20130305  184469  64 S16  15
20130305  184469  65 S15  14
20130305  184469  67 S24  12
20130305  184469  68 S23  11
20130305  184469  69 S22  10
20130305  184469  70 S21   9
20130305  184469  74 S27   6
20130305  184470  12  N6  37
20130305  184470  13  N5  36
20130305  184470  14  N4  35
20130305  184470  15  N3  34
20130305  184470  16  N2  33
20130305  184470  17  N1  32
20130305  184470  19 N12  43
20130305  184470  20 N11  42
20130305  184470  21 N10  41
20130305  184470  22  N9  40
20130305  184470  23  N8  39
20130305  184470  25 N18  49
20130305  184470  26 N17  48
20130305  184470  27 N16  47
20130305  184470  28 N15  46
20130305  184470  29 N14  45
20130305  184470  31 N23  54
20130305  184470  32 N22  53
20130305  184470  33 N21  52
20130305  184470  34 N20  51
20130305  184470  37 N27  58
20130305  184470  38 N26  57
20130305  184470  39 N25  56
20130305  184470  43 N30  61
20130305  184470  44 N29  60
20130305  184470  49  S6  30
20130305  184470  50  S5  29
20130305  184470  51  S4  28
20130305  184470  52  S3  27
20130305  184470  53  S2  26
20130305  184470  54  S1  25
20130305  184470  55 S13  24
20130305  184470  56 S12  23
20130305  184470  57 S11  22
20130305  184470  58 S10  21
20130305  184470  59  S9  20
20130305  184470  60  S8  19
20130305  184470  62 S18  17
20130305  184470  63 S17  16
20130305  184470  64 S16  15
20130305  184470  65 S15  14
20130305  184470  67 S24  12
20130305  184470  68 S23  11
20130305  184470  69 S22  10
20130305  184470  70 S21   9
20130305  184470  74 S27   6
20130305  184471  12  N6  37
20130305  184471  13  N5  36
20130305  184471  14  N4  35
20130305  184471  15  N3  34
20130305  184471  16  N2  33
20130305  184471  17  N1  32
20130305  184471  19 N12  43
20130305  184471  20 N11  42
20130305  184471  21 N10  41
20130305  184471  22  N9  40
20130305  184471  23  N8  39
20130305  184471  25 N18  49
20130305  184471  26 N17  48
20130305  184471  27 N16  47
20130305  184471  28 N15  46
20130305  184471  29 N14  45
20130305  184471  31 N23  54
20130305  184471  32 N22  53
20130305  184471  33 N21  52
20130305  184471  34 N20  51
20130305  184471  37 N27  58
20130305  184471  38 N26  57
20130305  184471  39 N25  56
20130305  184471  43 N30  61
20130305  184471  44 N29  60
20130305  184471  49  S6  30
20130305  184471  50  S5  29
20130305  184471  51  S4  28
20130305  184471  52  S3  27
20130305  184471  53  S2  26
20130305  184471  54  S1  25
20130305  184471  55 S13  24
20130305  184471  56 S12  23
20130305  184471  57 S11  22
20130305  184471  58 S10  21
20130305  184471  59  S9  20
20130305  184471  60  S8  19
20130305  184471  62 S18  17
20130305  184471  63 S17  16
20130305  184471  64 S16  15
20130305  184471  65 S15  14
20130305  184471  68 S23  11
20130305  184471  69 S22  10
20130305  184471  70 S21   9
20130305  184471  74 S27   6
20130306  184600  15  N3  34
20130306  184600  52  S3  27
20130306  184607  15  N3  34
20130306  184607  52  S3  27
20130307  184712  79 S31   3
20130307  184712  80 S30   2
20130307  184713  80 S30   2
20130307  184714  79 S31   3
20130307  184714  80 S30   2
20130308  184812  76 S25   4
20130308  184812  81 S29   1
20130308  184812  12  N6  37
20130308  184812  13  N5  36
20130308  184812  19 N12  43
20130308  184813  76 S25   4
20130308  184813  81 S29   1
20130308  184813  12  N6  37
20130308  184813  13  N5  36
20130308  184813  19 N12  43
20130308  184813  50  S5  29
20130308  184814  76 S25   4
20130308  184814  81 S29   1
20130308  184814  12  N6  37
20130308  184814  13  N5  36
20130308  184814  19 N12  43
20130308  184814  50  S5  29
20130308  184853  73 S28   7
20130308  184854  73 S28   7
20130308  184945  64 S16  15
20130308  184984  13  N5  36
20130308  184984  50  S5  29
20130308  184985  13  N5  36
20130308  184985  50  S5  29
20130308  185021  75 S26   5
20130308  185021  80 S30   2
20130308  185022  75 S26   5
20130308  185022  80 S30   2
20130308  185023  75 S26   5
20130308  185023  80 S30   2
20130309  185139  59  S9  20
20130309  185139  60  S8  19
20130309  185139  65 S15  14
20130309  185139  66 S14  13
20130309  185139  71 S20   8
20130309  185140  59  S9  20
20130309  185140  60  S8  19
20130309  185140  65 S15  14
20130309  185140  66 S14  13
20130309  185140  71 S20   8
20130309  185251  24 N19  50
20130309  185252  24 N19  50
20130317  187042  36 N28  59
20130317  187043  31 N23  54
20130317  187043  36 N28  59
20130317  187043  42 N31  62
20130317  187050  36 N28  59
20130317  187051  36 N28  59
20130317  187052  36 N28  59
20130317  187053  31 N23  54
20130317  187053  36 N28  59
20130317  187053  42 N31  62
20130317  187054  31 N23  54
20130317  187054  36 N28  59
20130317  187054  42 N31  62
20130317  187055  31 N23  54
20130317  187055  36 N28  59
20130317  187055  42 N31  62
20130330  192540  38 N26  57
20130330  192540  43 N30  61
20130330  192540  44 N29  60
20130330  192576  56 S12  23
20130330  192576  57 S11  22
20130331  192814  11  N7  38
20130331  192814  18 N13  44
20130331  192815  17  N1  32
20130331  192907  80 S30   2
20130331  192991  34 N20  51
20130401  193236  61 S19  18
20130401  193236  67 S24  12
20130401  193296  80 S30   2
20130405  194403  12  N6  37
20130405  194403  13  N5  36
20130405  194403  19 N12  43
20130405  194403  25 N18  49
20130405  194403  60  S8  19
20130405  194403  65 S15  14
20130405  194403  66 S14  13
20130405  194403  71 S20   8
20130405  194403  36 N28  59
20130405  194403  37 N27  58
20130405  194403  42 N31  62
20130405  194404  12  N6  37
20130405  194404  13  N5  36
20130405  194404  19 N12  43
20130405  194404  25 N18  49
20130405  194404  60  S8  19
20130405  194404  66 S14  13
20130405  194404  71 S20   8
20130405  194404  36 N28  59
20130405  194404  37 N27  58
20130405  194404  42 N31  62
20130405  194405  12  N6  37
20130405  194405  19 N12  43
20130405  194405  25 N18  49
20130405  194405  66 S14  13
20130405  194405  71 S20   8
20130405  194406  12  N6  37
20130405  194406  13  N5  36
20130405  194406  19 N12  43
20130405  194406  25 N18  49
20130405  194406  65 S15  14
20130405  194406  66 S14  13
20130405  194406  71 S20   8
20130405  194407  12  N6  37
20130405  194407  13  N5  36
20130405  194407  19 N12  43
20130405  194407  20 N11  42
20130405  194407  25 N18  49
20130405  194407  60  S8  19
20130405  194407  65 S15  14
20130405  194407  66 S14  13
20130405  194407  71 S20   8
20130405  194407  36 N28  59
20130405  194407  37 N27  58
20130405  194407  42 N31  62
20130405  194408  12  N6  37
20130405  194408  13  N5  36
20130405  194408  19 N12  43
20130405  194408  25 N18  49
20130405  194408  60  S8  19
20130405  194408  65 S15  14
20130405  194408  66 S14  13
20130405  194408  71 S20   8
20130405  194408  36 N28  59
20130405  194408  37 N27  58
20130405  194408  42 N31  62
20130405  194409  12  N6  37
20130405  194409  13  N5  36
20130405  194409  19 N12  43
20130405  194409  25 N18  49
20130405  194409  60  S8  19
20130405  194409  66 S14  13
20130405  194409  71 S20   8
20130405  194409  36 N28  59
20130405  194409  37 N27  58
20130405  194409  42 N31  62
20130405  194410  12  N6  37
20130405  194410  19 N12  43
20130405  194410  25 N18  49
20130405  194410  66 S14  13
20130405  194410  71 S20   8
20130405  194411  12  N6  37
20130405  194411  13  N5  36
20130405  194411  19 N12  43
20130405  194411  25 N18  49
20130405  194411  65 S15  14
20130405  194411  66 S14  13
20130405  194411  71 S20   8
20130405  194412  12  N6  37
20130405  194412  13  N5  36
20130405  194412  19 N12  43
20130405  194412  20 N11  42
20130405  194412  25 N18  49
20130405  194412  60  S8  19
20130405  194412  65 S15  14
20130405  194412  66 S14  13
20130405  194412  71 S20   8
20130405  194412  36 N28  59
20130405  194412  37 N27  58
20130405  194412  42 N31  62
20130405  194413  12  N6  37
20130405  194413  13  N5  36
20130405  194413  19 N12  43
20130405  194413  25 N18  49
20130405  194413  60  S8  19
20130405  194413  65 S15  14
20130405  194413  66 S14  13
20130405  194413  71 S20   8
20130405  194413  36 N28  59
20130405  194413  37 N27  58
20130405  194413  42 N31  62
20130405  194414  12  N6  37
20130405  194414  13  N5  36
20130405  194414  19 N12  43
20130405  194414  25 N18  49
20130405  194414  60  S8  19
20130405  194414  66 S14  13
20130405  194414  71 S20   8
20130405  194414  36 N28  59
20130405  194414  37 N27  58
20130405  194414  42 N31  62
20130405  194415  12  N6  37
20130405  194415  19 N12  43
20130405  194415  25 N18  49
20130405  194415  66 S14  13
20130405  194415  71 S20   8
20130405  194416  12  N6  37
20130405  194416  13  N5  36
20130405  194416  19 N12  43
20130405  194416  25 N18  49
20130405  194416  65 S15  14
20130405  194416  66 S14  13
20130405  194416  71 S20   8
20130405  194417  12  N6  37
20130405  194417  13  N5  36
20130405  194417  19 N12  43
20130405  194417  20 N11  42
20130405  194417  25 N18  49
20130405  194417  60  S8  19
20130405  194417  65 S15  14
20130405  194417  66 S14  13
20130405  194417  71 S20   8
20130405  194417  36 N28  59
20130405  194417  37 N27  58
20130405  194417  42 N31  62
20130405  194418  12  N6  37
20130405  194418  13  N5  36
20130405  194418  19 N12  43
20130405  194418  25 N18  49
20130405  194418  60  S8  19
20130405  194418  65 S15  14
20130405  194418  66 S14  13
20130405  194418  71 S20   8
20130405  194418  36 N28  59
20130405  194418  37 N27  58
20130405  194418  42 N31  62
20130405  194419  12  N6  37
20130405  194419  13  N5  36
20130405  194419  19 N12  43
20130405  194419  25 N18  49
20130405  194419  60  S8  19
20130405  194419  66 S14  13
20130405  194419  71 S20   8
20130405  194419  36 N28  59
20130405  194419  37 N27  58
20130405  194419  42 N31  62
20130405  194420  12  N6  37
20130405  194420  19 N12  43
20130405  194420  25 N18  49
20130405  194420  66 S14  13
20130405  194420  71 S20   8
20130405  194421  12  N6  37
20130405  194421  13  N5  36
20130405  194421  19 N12  43
20130405  194421  25 N18  49
20130405  194421  65 S15  14
20130405  194421  66 S14  13
20130405  194421  71 S20   8
20130405  194422  12  N6  37
20130405  194422  13  N5  36
20130405  194422  19 N12  43
20130405  194422  20 N11  42
20130405  194422  25 N18  49
20130405  194422  60  S8  19
20130405  194422  65 S15  14
20130405  194422  66 S14  13
20130405  194422  71 S20   8
20130405  194422  36 N28  59
20130405  194422  37 N27  58
20130405  194422  42 N31  62
20130406  194654  66 S14  13
20130406  194654  71 S20   8
20130406  194654  36 N28  59
20130406  194654  37 N27  58
20130406  194654  42 N31  62
20130406  194655  66 S14  13
20130406  194655  71 S20   8
20130406  194655  36 N28  59
20130406  194655  37 N27  58
20130406  194655  42 N31  62
20130406  194656  66 S14  13
20130406  194656  71 S20   8
20130406  194657  66 S14  13
20130406  194657  71 S20   8
20130406  194658  66 S14  13
20130406  194658  71 S20   8
20130406  194658  36 N28  59
20130406  194658  37 N27  58
20130406  194658  42 N31  62
20130406  194659  66 S14  13
20130406  194659  71 S20   8
20130406  194659  36 N28  59
20130406  194659  37 N27  58
20130406  194659  42 N31  62
20130406  194660  66 S14  13
20130406  194660  71 S20   8
20130406  194660  36 N28  59
20130406  194660  37 N27  58
20130406  194660  42 N31  62
20130406  194661  66 S14  13
20130406  194661  71 S20   8
20130406  194662  66 S14  13
20130406  194662  71 S20   8
20130406  194663  66 S14  13
20130406  194663  71 S20   8
20130406  194663  36 N28  59
20130406  194663  37 N27  58
20130406  194663  42 N31  62
20130406  194664  66 S14  13
20130406  194664  71 S20   8
20130406  194664  36 N28  59
20130406  194664  37 N27  58
20130406  194664  42 N31  62
20130406  194665  66 S14  13
20130406  194665  71 S20   8
20130406  194665  36 N28  59
20130406  194665  37 N27  58
20130406  194665  42 N31  62
20130406  194666  66 S14  13
20130406  194666  71 S20   8
20130406  194667  66 S14  13
20130406  194667  71 S20   8
20130406  194668  66 S14  13
20130406  194668  71 S20   8
20130406  194668  36 N28  59
20130406  194668  37 N27  58
20130406  194668  42 N31  62
20130406  194669  66 S14  13
20130406  194669  71 S20   8
20130406  194669  36 N28  59
20130406  194669  37 N27  58
20130406  194669  42 N31  62
20130406  194670  66 S14  13
20130406  194670  71 S20   8
20130406  194670  36 N28  59
20130406  194670  37 N27  58
20130406  194670  42 N31  62
20130406  194671  66 S14  13
20130406  194671  71 S20   8
20130406  194672  66 S14  13
20130406  194672  71 S20   8
20130406  194673  66 S14  13
20130406  194673  71 S20   8
20130406  194673  36 N28  59
20130406  194673  37 N27  58
20130406  194673  42 N31  62
20130408  195126  64 S16  15
20130408  195127  64 S16  15
20130408  195128  66 S14  13
20130408  195131  64 S16  15
20130408  195134  64 S16  15
20130408  195135  64 S16  15
20130413  196566  81 S29   1
20130413  196567  81 S29   1
20130413  196578  81 S29   1
20130413  196579  81 S29   1
20130413  196590  81 S29   1
20130413  196591  81 S29   1
20130413  196602  81 S29   1
20130413  196603  81 S29   1
20130415  197481  31 N23  54
20130415  197481  32 N22  53
20130415  197481  36 N28  59
20130415  197481  37 N27  58
20130415  197481  70 S21   9
20130415  197481  75 S26   5
20130415  197481  80 S30   2
20130415  197481  81 S29   1
20130415  197485  31 N23  54
20130415  197485  32 N22  53
20130415  197485  36 N28  59
20130415  197485  37 N27  58
20130415  197485  70 S21   9
20130415  197485  75 S26   5
20130415  197485  80 S30   2
20130415  197485  81 S29   1
20130415  197489  31 N23  54
20130415  197489  32 N22  53
20130415  197489  36 N28  59
20130415  197489  37 N27  58
20130415  197489  70 S21   9
20130415  197489  75 S26   5
20130415  197489  80 S30   2
20130415  197489  81 S29   1
20130415  197493  31 N23  54
20130415  197493  32 N22  53
20130415  197493  36 N28  59
20130415  197493  37 N27  58
20130415  197493  70 S21   9
20130415  197493  75 S26   5
20130415  197493  80 S30   2
20130415  197493  81 S29   1
20130415  197574  11  N7  38
20130415  197574  48  S7  31
20130415  197575  11  N7  38
20130415  197575  48  S7  31
20130415  197578  38 N26  57
20130415  197578  39 N25  56
20130415  197579  11  N7  38
20130415  197579  48  S7  31
20130415  197582  38 N26  57
20130415  197582  39 N25  56
20130415  197583  11  N7  38
20130415  197583  48  S7  31
20130415  197586  38 N26  57
20130415  197586  39 N25  56
20130415  197587  11  N7  38
20130415  197587  48  S7  31
20130415  197590  38 N26  57
20130415  197590  39 N25  56
20130416  197809  61 S19  18
20130416  197809  62 S18  17
20130416  197809  67 S24  12
20130416  197813  61 S19  18
20130416  197813  62 S18  17
20130416  197813  67 S24  12
20130416  197817  61 S19  18
20130416  197817  62 S18  17
20130416  197817  67 S24  12
20130416  197821  61 S19  18
20130416  197821  62 S18  17
20130416  197821  67 S24  12
20130416  197911  31 N23  54
20130416  197911  32 N22  53
20130416  197911  36 N28  59
20130416  197911  37 N27  58
20130416  197911  70 S21   9
20130416  197911  75 S26   5
20130416  197911  80 S30   2
20130416  197911  81 S29   1
20130416  197915  31 N23  54
20130416  197915  32 N22  53
20130416  197915  36 N28  59
20130416  197915  37 N27  58
20130416  197915  70 S21   9
20130416  197915  75 S26   5
20130416  197915  80 S30   2
20130416  197915  81 S29   1
20130416  197919  31 N23  54
20130416  197919  32 N22  53
20130416  197919  36 N28  59
20130416  197919  37 N27  58
20130416  197919  70 S21   9
20130416  197919  75 S26   5
20130416  197919  80 S30   2
20130416  197919  81 S29   1
20130416  197923  31 N23  54
20130416  197923  32 N22  53
20130416  197923  36 N28  59
20130416  197923  37 N27  58
20130416  197923  70 S21   9
20130416  197923  75 S26   5
20130416  197923  80 S30   2
20130416  197923  81 S29   1
20130416  197976  11  N7  38
20130416  197976  48  S7  31
20130416  197977  11  N7  38
20130416  197977  48  S7  31
20130416  197980  38 N26  57
20130416  197980  39 N25  56
20130416  197981  11  N7  38
20130416  197981  48  S7  31
20130416  197984  38 N26  57
20130416  197984  39 N25  56
20130416  197985  11  N7  38
20130416  197985  48  S7  31
20130416  197988  38 N26  57
20130416  197988  39 N25  56
20130416  197989  11  N7  38
20130416  197989  48  S7  31
20130416  197992  38 N26  57
20130416  197992  39 N25  56
20130417  198391  61 S19  18
20130417  198391  62 S18  17
20130417  198391  67 S24  12
20130417  198395  61 S19  18
20130417  198395  62 S18  17
20130417  198395  67 S24  12
20130417  198399  61 S19  18
20130417  198399  62 S18  17
20130417  198399  67 S24  12
20130417  198403  61 S19  18
20130417  198403  62 S18  17
20130417  198403  67 S24  12
20130417  198495  31 N23  54
20130417  198495  32 N22  53
20130417  198495  36 N28  59
20130417  198495  37 N27  58
20130417  198495  70 S21   9
20130417  198495  75 S26   5
20130417  198495  80 S30   2
20130417  198495  81 S29   1
20130417  198499  31 N23  54
20130417  198499  32 N22  53
20130417  198499  36 N28  59
20130417  198499  37 N27  58
20130417  198499  70 S21   9
20130417  198499  75 S26   5
20130417  198499  80 S30   2
20130417  198499  81 S29   1
20130417  198503  31 N23  54
20130417  198503  32 N22  53
20130417  198503  36 N28  59
20130417  198503  37 N27  58
20130417  198503  70 S21   9
20130417  198503  75 S26   5
20130417  198503  80 S30   2
20130417  198503  81 S29   1
20130417  198507  31 N23  54
20130417  198507  32 N22  53
20130417  198507  36 N28  59
20130417  198507  37 N27  58
20130417  198507  70 S21   9
20130417  198507  75 S26   5
20130417  198507  80 S30   2
20130417  198507  81 S29   1
20130417  198560  11  N7  38
20130417  198560  48  S7  31
20130417  198561  11  N7  38
20130417  198561  48  S7  31
20130417  198564  38 N26  57
20130417  198564  39 N25  56
20130417  198565  11  N7  38
20130417  198565  48  S7  31
20130417  198568  38 N26  57
20130417  198568  39 N25  56
20130417  198569  11  N7  38
20130417  198569  48  S7  31
20130417  198572  38 N26  57
20130417  198572  39 N25  56
20130417  198573  11  N7  38
20130417  198573  48  S7  31
20130417  198576  38 N26  57
20130417  198576  39 N25  56
20130418  198832  31 N23  54
20130418  198832  32 N22  53
20130418  198832  36 N28  59
20130418  198832  37 N27  58
20130418  198832  70 S21   9
20130418  198832  75 S26   5
20130418  198832  80 S30   2
20130418  198832  81 S29   1
20130418  198836  31 N23  54
20130418  198836  32 N22  53
20130418  198836  36 N28  59
20130418  198836  37 N27  58
20130418  198836  70 S21   9
20130418  198836  75 S26   5
20130418  198836  80 S30   2
20130418  198836  81 S29   1
20130418  198840  31 N23  54
20130418  198840  32 N22  53
20130418  198840  36 N28  59
20130418  198840  37 N27  58
20130418  198840  70 S21   9
20130418  198840  75 S26   5
20130418  198840  80 S30   2
20130418  198840  81 S29   1
20130418  198844  31 N23  54
20130418  198844  32 N22  53
20130418  198844  36 N28  59
20130418  198844  37 N27  58
20130418  198844  70 S21   9
20130418  198844  75 S26   5
20130418  198844  80 S30   2
20130418  198844  81 S29   1
20130418  198846  11  N7  38
20130418  198846  48  S7  31
20130418  198849  38 N26  57
20130418  198849  39 N25  56
20130418  198850  11  N7  38
20130418  198850  48  S7  31
20130418  198853  38 N26  57
20130418  198853  39 N25  56
20130418  198854  11  N7  38
20130418  198854  48  S7  31
20130418  198857  38 N26  57
20130418  198857  39 N25  56
20130418  198858  11  N7  38
20130418  198858  48  S7  31
20130418  198861  38 N26  57
20130418  198861  39 N25  56
20130419  199437  19 N12  43
20130419  199437  20 N11  42
20130419  199437  25 N18  49
20130419  199437  26 N17  48
20130419  199438  19 N12  43
20130419  199438  20 N11  42
20130419  199438  25 N18  49
20130419  199438  26 N17  48
20130419  199439  19 N12  43
20130419  199439  20 N11  42
20130419  199439  25 N18  49
20130419  199439  26 N17  48
20130419  199443  80 S30   2
20130419  199444  80 S30   2
20130419  199445  80 S30   2
20130419  199497  11  N7  38
20130419  199497  12  N6  37
20130419  199497  13  N5  36
20130419  199497  15  N3  34
20130419  199497  18 N13  44
20130419  199497  19 N12  43
20130419  199497  24 N19  50
20130419  199497  52  S3  27
20130419  199497  53  S2  26
20130419  199497  58 S10  21
20130419  199497  59  S9  20
20130419  199498  11  N7  38
20130419  199498  12  N6  37
20130419  199498  13  N5  36
20130419  199498  15  N3  34
20130419  199498  18 N13  44
20130419  199498  19 N12  43
20130419  199498  52  S3  27
20130419  199498  53  S2  26
20130419  199498  58 S10  21
20130419  199498  59  S9  20
20130419  199499  11  N7  38
20130419  199499  12  N6  37
20130419  199499  13  N5  36
20130419  199499  15  N3  34
20130419  199499  18 N13  44
20130419  199499  19 N12  43
20130419  199499  52  S3  27
20130419  199499  53  S2  26
20130419  199499  58 S10  21
20130419  199499  59  S9  20
20130419  199543  18 N13  44
20130419  199543  19 N12  43
20130419  199543  24 N19  50
20130419  199543  25 N18  49
20130419  199543  30 N24  55
20130419  199621  11  N7  38
20130419  199621  48  S7  31
20130419  199634  16  N2  33
20130419  199634  17  N1  32
20130419  199634  53  S2  26
20130419  199634  54  S1  25
20130419  199634  60  S8  19
20130420  199880  61 S19  18
20130420  199880  67 S24  12
20130420  199881  61 S19  18
20130420  199881  67 S24  12
20130420  199882  61 S19  18
20130420  199882  67 S24  12
20130420  199968  21 N10  41
20130420  199968  22  N9  40
20130420  199984  48  S7  31
20130420  199984  49  S6  30
20130420  199984  55 S13  24
20130420  199984  56 S12  23
20130420  200066  73 S28   7
20130420  200066  79 S31   3
20130420  200079  32 N22  53
20130420  200079  37 N27  58
20130420  200079  38 N26  57
20130420  200079  43 N30  61
20130429  202620  74 S27   6
20130429  202620  80 S30   2
20130429  202621  74 S27   6
20130429  202621  80 S30   2
20130502  203279  71 S20   8
20130502  203280  71 S20   8
20130502  203280  76 S25   4
20130502  203281  71 S20   8
20130502  203281  76 S25   4
20130502  203435  71 S20   8
20130502  203435  76 S25   4
20130502  203436  71 S20   8
20130502  203436  76 S25   4
20130502  203436  81 S29   1
20130502  203437  71 S20   8
20130502  203437  76 S25   4
20130502  203437  81 S29   1
20130502  203492  51  S4  28
20130502  203492  57 S11  22
20130502  203492  58 S10  21
20130502  203493  51  S4  28
20130502  203493  57 S11  22
20130502  203493  58 S10  21
20130502  203493  64 S16  15
20130502  203494  51  S4  28
20130502  203494  57 S11  22
20130502  203494  58 S10  21
20130502  203494  64 S16  15
20130502  203522  30 N24  55
20130502  203522  31 N23  54
20130502  203523  31 N23  54
20130502  203524  30 N24  55
20130502  203524  31 N23  54
20130503  203756  32 N22  53
20130503  203756  37 N27  58
20130503  203756  38 N26  57
20130503  203757  32 N22  53
20130503  203757  37 N27  58
20130503  203757  38 N26  57
20130503  203758  32 N22  53
20130503  203758  37 N27  58
20130503  203758  38 N26  57
20130503  203824  17  N1  32
20130503  203824  23  N8  39
20130503  203825  17  N1  32
20130503  203825  23  N8  39
20130503  203826  17  N1  32
20130503  203826  23  N8  39
20130503  203861  14  N4  35
20130503  203861  15  N3  34
20130504  204137  36 N28  59
20130504  204138  36 N28  59
20130505  204340  73 S28   7
20130505  204340  79 S31   3
20130505  204341  73 S28   7
20130505  204341  79 S31   3
20130505  204414  15  N3  34
20130505  204415  15  N3  34
20130506  204759  80 S30   2
20130506  204759  81 S29   1
20130506  204760  80 S30   2
20130506  204760  81 S29   1
20130506  204799  18 N13  44
20130506  204799  24 N19  50
20130506  204831  52  S3  27
20130506  204832  52  S3  27
20130506  204832  59  S9  20
20130506  204833  52  S3  27
20130506  204833  59  S9  20
20130506  204834  52  S3  27
20130506  204839  64 S16  15
20130506  204839  69 S22  10
20130506  204839  70 S21   9
20130506  204839  75 S26   5
20130506  204839  80 S30   2
20130506  204840  69 S22  10
20130506  204840  70 S21   9
20130506  204840  75 S26   5
20130506  204840  80 S30   2
20130506  204841  69 S22  10
20130506  204841  70 S21   9
20130506  204841  75 S26   5
20130506  204841  80 S30   2
20130506  204842  64 S16  15
20130506  204842  69 S22  10
20130506  204842  70 S21   9
20130506  204842  75 S26   5
20130506  204842  80 S30   2
20130506  204849  20 N11  42
20130506  204849  26 N17  48
20130506  204850  20 N11  42
20130510  205416  25 N18  49
20130510  205416  30 N24  55
20130510  205418  25 N18  49
20130510  205418  30 N24  55
20130510  205419  25 N18  49
20130510  205419  30 N24  55
20130510  205420  25 N18  49
20130510  205420  30 N24  55
20130510  205421  25 N18  49
20130510  205421  30 N24  55
20130510  205443  28 N15  46
20130510  205443  33 N21  52
20130510  205443  34 N20  51
20130510  205443  39 N25  56
20130510  205444  28 N15  46
20130510  205444  33 N21  52
20130510  205444  34 N20  51
20130510  205444  39 N25  56
20130510  205445  34 N20  51
20130510  205445  39 N25  56
20130510  205446  34 N20  51
20130510  205446  39 N25  56
20130510  205447  33 N21  52
20130510  205447  34 N20  51
20130510  205447  39 N25  56
20130510  205447  56 S12  23
20130510  205447  62 S18  17
20130510  205447  63 S17  16
20130510  205447  68 S23  11
20130510  205449  50  S5  29
20130510  205450  50  S5  29
20130510  205451  50  S5  29
20130510  205452  50  S5  29
20130510  205453  50  S5  29
20130510  205488  25 N18  49
20130510  205488  30 N24  55
20130510  205489  25 N18  49
20130510  205489  30 N24  55
20130510  205490  25 N18  49
20130510  205490  30 N24  55
20130510  205491  25 N18  49
20130510  205491  30 N24  55
20130510  205492  25 N18  49
20130510  205492  30 N24  55
20130510  205513  28 N15  46
20130510  205513  33 N21  52
20130510  205513  34 N20  51
20130510  205513  39 N25  56
20130510  205514  28 N15  46
20130510  205514  33 N21  52
20130510  205514  34 N20  51
20130510  205514  39 N25  56
20130510  205515  34 N20  51
20130510  205515  39 N25  56
20130510  205516  34 N20  51
20130510  205516  39 N25  56
20130510  205517  33 N21  52
20130510  205517  34 N20  51
20130510  205517  39 N25  56
20130510  205517  56 S12  23
20130510  205517  62 S18  17
20130510  205517  63 S17  16
20130510  205517  68 S23  11
20130510  205519  50  S5  29
20130510  205520  50  S5  29
20130510  205521  50  S5  29
20130510  205522  50  S5  29
20130510  205523  50  S5  29
20130510  205530  25 N18  49
20130510  205530  30 N24  55
20130510  205531  25 N18  49
20130510  205531  30 N24  55
20130510  205532  25 N18  49
20130510  205532  30 N24  55
20130510  205533  25 N18  49
20130510  205533  30 N24  55
20130510  205534  25 N18  49
20130510  205534  30 N24  55
20130511  205693  28 N15  46
20130511  205693  33 N21  52
20130511  205693  34 N20  51
20130511  205693  39 N25  56
20130511  205694  28 N15  46
20130511  205694  33 N21  52
20130511  205694  34 N20  51
20130511  205694  39 N25  56
20130511  205695  34 N20  51
20130511  205695  39 N25  56
20130511  205696  34 N20  51
20130511  205696  39 N25  56
20130511  205697  33 N21  52
20130511  205697  34 N20  51
20130511  205697  39 N25  56
20130511  205697  56 S12  23
20130511  205697  62 S18  17
20130511  205697  63 S17  16
20130511  205697  68 S23  11
20130511  205699  50  S5  29
20130511  205700  50  S5  29
20130511  205701  50  S5  29
20130511  205702  50  S5  29
20130511  205704  25 N18  49
20130511  205704  30 N24  55
20130511  205705  25 N18  49
20130511  205705  30 N24  55
20130511  205706  25 N18  49
20130511  205706  30 N24  55
20130511  205707  25 N18  49
20130511  205707  30 N24  55
20130511  205725  28 N15  46
20130511  205725  33 N21  52
20130511  205725  34 N20  51
20130511  205725  39 N25  56
20130511  205726  34 N20  51
20130511  205726  39 N25  56
20130511  205727  34 N20  51
20130511  205727  39 N25  56
20130511  205728  33 N21  52
20130511  205728  34 N20  51
20130511  205728  39 N25  56
20130511  205728  56 S12  23
20130511  205728  62 S18  17
20130511  205728  63 S17  16
20130511  205728  68 S23  11
20130511  205730  50  S5  29
20130511  205731  50  S5  29
20130511  205732  50  S5  29
20130511  205733  50  S5  29
20130511  205735  25 N18  49
20130511  205735  30 N24  55
20130511  205736  25 N18  49
20130511  205736  30 N24  55
20130511  205737  25 N18  49
20130511  205737  30 N24  55
20130511  205738  25 N18  49
20130511  205738  30 N24  55
20130511  205756  28 N15  46
20130511  205756  33 N21  52
20130511  205756  34 N20  51
20130511  205756  39 N25  56
20130511  205757  34 N20  51
20130511  205757  39 N25  56
20130511  205758  34 N20  51
20130511  205758  39 N25  56
20130511  205759  33 N21  52
20130511  205759  34 N20  51
20130511  205759  39 N25  56
20130511  205759  56 S12  23
20130511  205759  62 S18  17
20130511  205759  63 S17  16
20130511  205759  68 S23  11
20130511  205761  50  S5  29
20130511  205762  50  S5  29
20130511  205763  50  S5  29
20130511  205764  50  S5  29
20130511  205766  25 N18  49
20130511  205766  30 N24  55
20130511  205767  25 N18  49
20130511  205767  30 N24  55
20130511  205768  25 N18  49
20130511  205768  30 N24  55
20130511  205769  25 N18  49
20130511  205769  30 N24  55
20130511  205770  25 N18  49
20130511  205770  30 N24  55
20130529  206532  14  N4  35
20130529  206532  15  N3  34
20130529  206532  51  S4  28
20130529  206532  52  S3  27
20130529  206533  14  N4  35
20130529  206533  15  N3  34
20130529  206533  51  S4  28
20130529  206533  52  S3  27
20130529  206534  14  N4  35
20130529  206534  15  N3  34
20130529  206534  51  S4  28
20130529  206534  52  S3  27
20130529  206535  12  N6  37
20130529  206535  13  N5  36
20130529  206535  14  N4  35
20130529  206535  15  N3  34
20130529  206535  16  N2  33
20130529  206535  19 N12  43
20130529  206535  20 N11  42
20130529  206535  21 N10  41
20130529  206535  22  N9  40
20130529  206535  25 N18  49
20130529  206535  26 N17  48
20130529  206535  27 N16  47
20130529  206535  28 N15  46
20130529  206535  31 N23  54
20130529  206535  32 N22  53
20130529  206535  33 N21  52
20130529  206535  49  S6  30
20130529  206535  50  S5  29
20130529  206535  51  S4  28
20130529  206535  52  S3  27
20130529  206535  53  S2  26
20130529  206535  56 S12  23
20130529  206535  57 S11  22
20130529  206535  58 S10  21
20130529  206535  59  S9  20
20130529  206535  62 S18  17
20130529  206535  63 S17  16
20130529  206535  64 S16  15
20130529  206535  65 S15  14
20130529  206535  68 S23  11
20130529  206535  69 S22  10
20130529  206535  70 S21   9
20130529  206536  12  N6  37
20130529  206536  13  N5  36
20130529  206536  14  N4  35
20130529  206536  15  N3  34
20130529  206536  16  N2  33
20130529  206536  19 N12  43
20130529  206536  20 N11  42
20130529  206536  21 N10  41
20130529  206536  22  N9  40
20130529  206536  25 N18  49
20130529  206536  26 N17  48
20130529  206536  27 N16  47
20130529  206536  28 N15  46
20130529  206536  31 N23  54
20130529  206536  32 N22  53
20130529  206536  33 N21  52
20130529  206536  49  S6  30
20130529  206536  50  S5  29
20130529  206536  51  S4  28
20130529  206536  52  S3  27
20130529  206536  53  S2  26
20130529  206536  56 S12  23
20130529  206536  57 S11  22
20130529  206536  58 S10  21
20130529  206536  59  S9  20
20130529  206536  62 S18  17
20130529  206536  63 S17  16
20130529  206536  64 S16  15
20130529  206536  65 S15  14
20130529  206536  68 S23  11
20130529  206536  69 S22  10
20130529  206536  70 S21   9
20130529  206537  12  N6  37
20130529  206537  13  N5  36
20130529  206537  14  N4  35
20130529  206537  15  N3  34
20130529  206537  16  N2  33
20130529  206537  19 N12  43
20130529  206537  20 N11  42
20130529  206537  21 N10  41
20130529  206537  22  N9  40
20130529  206537  25 N18  49
20130529  206537  26 N17  48
20130529  206537  27 N16  47
20130529  206537  28 N15  46
20130529  206537  31 N23  54
20130529  206537  32 N22  53
20130529  206537  33 N21  52
20130529  206537  49  S6  30
20130529  206537  50  S5  29
20130529  206537  51  S4  28
20130529  206537  52  S3  27
20130529  206537  53  S2  26
20130529  206537  56 S12  23
20130529  206537  57 S11  22
20130529  206537  58 S10  21
20130529  206537  59  S9  20
20130529  206537  62 S18  17
20130529  206537  63 S17  16
20130529  206537  64 S16  15
20130529  206537  65 S15  14
20130529  206537  68 S23  11
20130529  206537  69 S22  10
20130529  206537  70 S21   9
20130529  206745  62 S18  17
20130529  206745  63 S17  16
20130529  206749  62 S18  17
20130529  206749  63 S17  16
20130529  206750  62 S18  17
20130529  206750  63 S17  16
20130529  206751  62 S18  17
20130529  206751  63 S17  16
20130529  206752  62 S18  17
20130529  206752  63 S17  16
20130529  206753  62 S18  17
20130529  206753  63 S17  16
20130529  206754  62 S18  17
20130529  206754  63 S17  16
20130530  206966  62 S18  17
20130530  206966  63 S17  16
20130530  206967  62 S18  17
20130530  206967  63 S17  16
20130530  206968  62 S18  17
20130530  206968  63 S17  16
20130531  207099  25 N18  49
20130531  207099  30 N24  55
20130531  207100  25 N18  49
20130531  207100  30 N24  55
20130531  207101  25 N18  49
20130531  207101  30 N24  55
20130531  207102  25 N18  49
20130531  207102  30 N24  55
20130531  207103  25 N18  49
20130531  207103  30 N24  55
20130531  207190  25 N18  49
20130531  207190  30 N24  55
20130531  207191  25 N18  49
20130531  207191  30 N24  55
20130531  207192  25 N18  49
20130531  207192  30 N24  55
20130531  207193  25 N18  49
20130531  207193  30 N24  55
20130531  207194  25 N18  49
20130531  207194  30 N24  55
20130531  207197  25 N18  49
20130531  207197  30 N24  55
20130531  207198  25 N18  49
20130531  207198  30 N24  55
20130531  207199  25 N18  49
20130531  207199  30 N24  55
20130531  207200  25 N18  49
20130531  207200  30 N24  55
20130531  207201  25 N18  49
20130531  207201  30 N24  55
20130531  207202  25 N18  49
20130531  207202  30 N24  55
20130531  207203  25 N18  49
20130531  207203  30 N24  55
20130531  207206  25 N18  49
20130531  207206  30 N24  55
20130531  207207  25 N18  49
20130531  207207  30 N24  55
20130531  207208  25 N18  49
20130531  207208  30 N24  55
20130531  207209  25 N18  49
20130531  207209  30 N24  55
20130531  207210  25 N18  49
20130531  207210  30 N24  55
20130531  207220  25 N18  49
20130531  207220  30 N24  55
20130531  207221  25 N18  49
20130531  207221  30 N24  55
20130601  207404  60  S8  19
20130601  207404  66 S14  13
20130601  207427  26 N17  48
20130601  207427  31 N23  54
20130601  207427  32 N22  53
20130601  207427  51  S4  28
20130601  207427  52  S3  27
20130601  207427  57 S11  22
20130601  207427  58 S10  21
20130601  207427  63 S17  16
20130601  207427  64 S16  15
20130601  207428  26 N17  48
20130601  207428  27 N16  47
20130601  207428  31 N23  54
20130601  207428  32 N22  53
20130601  207428  51  S4  28
20130601  207428  52  S3  27
20130601  207428  57 S11  22
20130601  207428  58 S10  21
20130601  207428  63 S17  16
20130601  207428  64 S16  15
20130601  207429  26 N17  48
20130601  207429  27 N16  47
20130601  207429  31 N23  54
20130601  207429  32 N22  53
20130601  207429  51  S4  28
20130601  207429  52  S3  27
20130601  207429  57 S11  22
20130601  207429  58 S10  21
20130601  207429  63 S17  16
20130601  207429  64 S16  15
20130601  207430  26 N17  48
20130601  207430  31 N23  54
20130601  207430  32 N22  53
20130601  207430  51  S4  28
20130601  207430  52  S3  27
20130601  207430  57 S11  22
20130601  207430  58 S10  21
20130601  207430  63 S17  16
20130601  207430  64 S16  15
20130601  207431  20 N11  42
20130601  207431  26 N17  48
20130601  207431  31 N23  54
20130601  207431  32 N22  53
20130601  207432  20 N11  42
20130601  207432  26 N17  48
20130601  207432  27 N16  47
20130601  207432  31 N23  54
20130601  207432  32 N22  53
20130601  207433  20 N11  42
20130601  207433  26 N17  48
20130601  207433  27 N16  47
20130601  207433  31 N23  54
20130601  207433  32 N22  53
20130601  207434  20 N11  42
20130601  207434  26 N17  48
20130601  207434  31 N23  54
20130601  207434  32 N22  53
20130601  207435  26 N17  48
20130601  207436  26 N17  48
20130601  207437  26 N17  48
20130601  207437  31 N23  54
20130601  207437  32 N22  53
20130601  207438  26 N17  48
20130601  207438  31 N23  54
20130601  207438  32 N22  53
20130601  207439  26 N17  48
20130601  207440  26 N17  48
20130601  207441  26 N17  48
20130601  207441  31 N23  54
20130601  207441  32 N22  53
20130601  207442  26 N17  48
20130601  207442  31 N23  54
20130601  207442  32 N22  53
20130601  207531  79 S31   3
20130601  207532  79 S31   3
20130601  207533  79 S31   3
20130601  207534  79 S31   3
20130601  207535  79 S31   3
20130601  207536  79 S31   3
20130601  207537  79 S31   3
20130601  207538  79 S31   3
20130601  207539  79 S31   3
20130601  207540  79 S31   3
20130601  207541  79 S31   3
20130601  207542  79 S31   3
20130601  207543  79 S31   3
20130601  207544  79 S31   3
20130601  207545  79 S31   3
20130601  207546  79 S31   3
20130602  207781  54  S1  25
20130602  207782  54  S1  25
20130602  207783  17  N1  32
20130602  207783  54  S1  25
20130602  207784  17  N1  32
20130602  207784  54  S1  25
20130602  207785  54  S1  25
20130602  207786  54  S1  25
20130602  207787  17  N1  32
20130602  207787  54  S1  25
20130602  207788  17  N1  32
20130602  207788  54  S1  25
20130602  207789  54  S1  25
20130602  207790  54  S1  25
20130602  207791  17  N1  32
20130602  207791  54  S1  25
20130602  207792  17  N1  32
20130602  207792  54  S1  25
20130602  207793  54  S1  25
20130602  207795  54  S1  25
20130602  207796  17  N1  32
20130602  207796  54  S1  25
20130602  207797  17  N1  32
20130602  207797  54  S1  25
20130602  207818  54  S1  25
20130602  207819  54  S1  25
20130602  207820  17  N1  32
20130602  207820  54  S1  25
20130602  207821  17  N1  32
20130602  207821  54  S1  25
20130602  207822  54  S1  25
20130602  207823  54  S1  25
20130602  207824  17  N1  32
20130602  207824  54  S1  25
20130602  207825  17  N1  32
20130602  207825  54  S1  25
20130602  207826  54  S1  25
20130602  207827  54  S1  25
20130602  207828  17  N1  32
20130602  207828  54  S1  25
20130602  207829  17  N1  32
20130602  207829  54  S1  25
20130602  207830  54  S1  25
20130602  207831  54  S1  25
20130602  207832  17  N1  32
20130602  207832  54  S1  25
20130602  207833  17  N1  32
20130602  207833  54  S1  25
20130602  207850  36 N28  59
20130602  207850  42 N31  62
20130602  207851  36 N28  59
20130602  207851  37 N27  58
20130602  207851  42 N31  62
20130602  207852  42 N31  62
20130602  207853  42 N31  62
20130602  207854  36 N28  59
20130602  207854  42 N31  62
20130602  207855  36 N28  59
20130602  207855  37 N27  58
20130602  207855  42 N31  62
20130602  207856  42 N31  62
20130602  207857  42 N31  62
20130602  207858  36 N28  59
20130602  207858  42 N31  62
20130602  207859  36 N28  59
20130602  207859  37 N27  58
20130602  207859  42 N31  62
20130602  207860  42 N31  62
20130602  207861  42 N31  62
20130602  207862  36 N28  59
20130602  207862  42 N31  62
20130602  207863  36 N28  59
20130602  207863  37 N27  58
20130602  207863  42 N31  62
20130602  207864  42 N31  62
20130602  207865  42 N31  62
20130603  208391  38 N26  57
20130603  208391  43 N30  61
20130603  208391  44 N29  60
20130603  208392  38 N26  57
20130603  208392  43 N30  61
20130603  208392  44 N29  60
20130603  208393  38 N26  57
20130603  208393  43 N30  61
20130603  208393  44 N29  60
20130603  208394  38 N26  57
20130603  208394  43 N30  61
20130603  208394  44 N29  60
20130603  208395  38 N26  57
20130603  208395  43 N30  61
20130603  208395  44 N29  60
20130603  208396  38 N26  57
20130603  208396  43 N30  61
20130603  208396  44 N29  60
20130603  208397  38 N26  57
20130603  208397  43 N30  61
20130603  208397  44 N29  60
20130603  208398  38 N26  57
20130603  208398  43 N30  61
20130603  208398  44 N29  60
20130604  208576  79 S31   3
20130604  208577  79 S31   3
20130604  208578  79 S31   3
20130604  208579  79 S31   3
20130604  208580  79 S31   3
20130604  208581  79 S31   3
20130604  208582  79 S31   3
20130604  208583  79 S31   3
20130604  208584  79 S31   3
20130604  208585  79 S31   3
20130604  208586  79 S31   3
20130604  208587  79 S31   3
20130604  208588  79 S31   3
20130604  208589  79 S31   3
20130604  208590  79 S31   3
20130604  208591  79 S31   3
20130604  208602  79 S31   3
20130604  208603  79 S31   3
20130604  208604  79 S31   3
20130604  208605  79 S31   3
20130604  208606  79 S31   3
20130604  208607  79 S31   3
20130604  208609  79 S31   3
20130604  208610  79 S31   3
20130604  208611  79 S31   3
20130604  208612  79 S31   3
20130604  208613  79 S31   3
20130604  208614  79 S31   3
20130604  208677  79 S31   3
20130605  209090  11  N7  38
20130605  209090  12  N6  37
20130605  209090  18 N13  44
20130605  209091  11  N7  38
20130605  209091  12  N6  37
20130605  209091  18 N13  44
20130605  209092  11  N7  38
20130605  209092  12  N6  37
20130605  209092  18 N13  44
20130605  209093  11  N7  38
20130605  209093  12  N6  37
20130605  209093  18 N13  44
20130605  209094  11  N7  38
20130605  209094  12  N6  37
20130605  209094  18 N13  44
20130605  209095  11  N7  38
20130605  209095  12  N6  37
20130605  209095  18 N13  44
20130605  209096  11  N7  38
20130605  209096  12  N6  37
20130605  209096  18 N13  44
20130605  209097  11  N7  38
20130605  209097  12  N6  37
20130605  209097  18 N13  44
20130605  209112  11  N7  38
20130605  209112  12  N6  37
20130605  209112  18 N13  44
20130605  209113  11  N7  38
20130605  209113  12  N6  37
20130605  209113  18 N13  44
20130605  209114  11  N7  38
20130605  209114  12  N6  37
20130605  209114  18 N13  44
20130605  209115  11  N7  38
20130605  209115  12  N6  37
20130605  209115  18 N13  44
20130605  209116  11  N7  38
20130605  209116  12  N6  37
20130605  209116  18 N13  44
20130605  209117  11  N7  38
20130605  209117  12  N6  37
20130605  209117  18 N13  44
20130605  209240  61 S19  18
20130605  209244  61 S19  18
20130606  209464  50  S5  29
20130606  209465  50  S5  29
20130606  209466  50  S5  29
20130606  209467  50  S5  29
20130606  209468  50  S5  29
20130606  209470  25 N18  49
20130606  209470  30 N24  55
20130606  209471  25 N18  49
20130606  209471  30 N24  55
20130606  209472  25 N18  49
20130606  209472  30 N24  55
20130606  209473  25 N18  49
20130606  209473  30 N24  55
20130606  209474  25 N18  49
20130606  209474  30 N24  55
20130606  209494  28 N15  46
20130606  209494  33 N21  52
20130606  209494  34 N20  51
20130606  209494  39 N25  56
20130606  209495  28 N15  46
20130606  209495  33 N21  52
20130606  209495  34 N20  51
20130606  209495  39 N25  56
20130606  209496  34 N20  51
20130606  209496  39 N25  56
20130606  209497  34 N20  51
20130606  209497  39 N25  56
20130606  209498  33 N21  52
20130606  209498  34 N20  51
20130606  209498  39 N25  56
20130606  209498  56 S12  23
20130606  209498  62 S18  17
20130606  209498  63 S17  16
20130606  209498  68 S23  11
20130606  209526  50  S5  29
20130606  209527  50  S5  29
20130606  209528  50  S5  29
20130606  209529  50  S5  29
20130606  209530  50  S5  29
20130606  209532  25 N18  49
20130606  209532  30 N24  55
20130606  209533  25 N18  49
20130606  209533  30 N24  55
20130606  209534  25 N18  49
20130606  209534  30 N24  55
20130606  209535  25 N18  49
20130606  209535  30 N24  55
20130606  209536  25 N18  49
20130606  209536  30 N24  55
20130606  209556  28 N15  46
20130606  209556  33 N21  52
20130606  209556  34 N20  51
20130606  209556  39 N25  56
20130606  209557  28 N15  46
20130606  209557  33 N21  52
20130606  209557  34 N20  51
20130606  209557  39 N25  56
20130606  209558  34 N20  51
20130606  209558  39 N25  56
20130606  209559  34 N20  51
20130606  209559  39 N25  56
20130606  209560  33 N21  52
20130606  209560  34 N20  51
20130606  209560  39 N25  56
20130606  209560  56 S12  23
20130606  209560  62 S18  17
20130606  209560  63 S17  16
20130606  209560  68 S23  11
20130606  209574  50  S5  29
20130606  209575  50  S5  29
20130606  209576  50  S5  29
20130606  209577  50  S5  29
20130606  209578  50  S5  29
20130606  209580  25 N18  49
20130606  209580  30 N24  55
20130606  209581  25 N18  49
20130606  209581  30 N24  55
20130606  209582  25 N18  49
20130606  209582  30 N24  55
20130606  209583  25 N18  49
20130606  209583  30 N24  55
20130606  209584  25 N18  49
20130606  209584  30 N24  55
20130606  209604  28 N15  46
20130606  209604  33 N21  52
20130606  209604  34 N20  51
20130606  209604  39 N25  56
20130606  209605  28 N15  46
20130606  209605  33 N21  52
20130606  209605  34 N20  51
20130606  209605  39 N25  56
20130606  209606  34 N20  51
20130606  209606  39 N25  56
20130606  209607  34 N20  51
20130606  209607  39 N25  56
20130606  209608  33 N21  52
20130606  209608  34 N20  51
20130606  209608  39 N25  56
20130606  209608  56 S12  23
20130606  209608  62 S18  17
20130606  209608  63 S17  16
20130606  209608  68 S23  11
20130606  209610  50  S5  29
20130606  209611  50  S5  29
20130606  209612  50  S5  29
20130606  209613  50  S5  29
20130606  209614  50  S5  29
20130606  209628  28 N15  46
20130606  209628  33 N21  52
20130606  209628  34 N20  51
20130606  209628  39 N25  56
20130606  209629  28 N15  46
20130606  209629  33 N21  52
20130606  209629  34 N20  51
20130606  209629  39 N25  56
20130606  209630  34 N20  51
20130606  209630  39 N25  56
20130606  209631  34 N20  51
20130606  209631  39 N25  56
20130606  209632  33 N21  52
20130606  209632  34 N20  51
20130606  209632  39 N25  56
20130606  209632  56 S12  23
20130606  209632  62 S18  17
20130606  209632  63 S17  16
20130606  209632  68 S23  11
20130607  209770  50  S5  29
20130607  209771  50  S5  29
20130607  209772  50  S5  29
20130607  209776  50  S5  29
20130607  209777  50  S5  29
20130607  209778  50  S5  29
20130607  209779  50  S5  29
20130607  209780  50  S5  29
20130607  209782  25 N18  49
20130607  209782  30 N24  55
20130607  209783  25 N18  49
20130607  209783  30 N24  55
20130607  209784  25 N18  49
20130607  209784  30 N24  55
20130607  209785  25 N18  49
20130607  209785  30 N24  55
20130607  209786  25 N18  49
20130607  209786  30 N24  55
20130607  209806  28 N15  46
20130607  209806  33 N21  52
20130607  209806  34 N20  51
20130607  209806  39 N25  56
20130607  209807  28 N15  46
20130607  209807  33 N21  52
20130607  209807  34 N20  51
20130607  209807  39 N25  56
20130607  209808  34 N20  51
20130607  209808  39 N25  56
20130607  209809  34 N20  51
20130607  209809  39 N25  56
20130607  209810  33 N21  52
20130607  209810  34 N20  51
20130607  209810  39 N25  56
20130607  209810  56 S12  23
20130607  209810  62 S18  17
20130607  209810  63 S17  16
20130607  209810  68 S23  11
20130607  209818  50  S5  29
20130607  209819  50  S5  29
20130607  209820  50  S5  29
20130607  209821  50  S5  29
20130607  209822  50  S5  29
20130607  209824  25 N18  49
20130607  209824  30 N24  55
20130607  209825  25 N18  49
20130607  209825  30 N24  55
20130607  209826  25 N18  49
20130607  209826  30 N24  55
20130607  209827  25 N18  49
20130607  209827  30 N24  55
20130607  209828  25 N18  49
20130607  209828  30 N24  55
20130607  209860  28 N15  46
20130607  209860  33 N21  52
20130607  209860  34 N20  51
20130607  209860  39 N25  56
20130607  209861  28 N15  46
20130607  209861  33 N21  52
20130607  209861  34 N20  51
20130607  209861  39 N25  56
20130607  209862  34 N20  51
20130607  209862  39 N25  56
20130607  209863  34 N20  51
20130607  209863  39 N25  56
20130607  209864  33 N21  52
20130607  209864  34 N20  51
20130607  209864  39 N25  56
20130607  209864  56 S12  23
20130607  209864  62 S18  17
20130607  209864  63 S17  16
20130607  209864  68 S23  11
20130607  209872  50  S5  29
20130607  209873  50  S5  29
20130607  209874  50  S5  29
20130607  209875  50  S5  29
20130607  209876  50  S5  29
20130607  209878  25 N18  49
20130607  209878  30 N24  55
20130607  209879  25 N18  49
20130607  209879  30 N24  55
20130607  209880  25 N18  49
20130607  209880  30 N24  55
20130607  209881  25 N18  49
20130607  209881  30 N24  55
20130607  209882  25 N18  49
20130607  209882  30 N24  55
20130607  209918  28 N15  46
20130607  209918  33 N21  52
20130607  209918  34 N20  51
20130607  209918  39 N25  56
20130607  209919  28 N15  46
20130607  209919  33 N21  52
20130607  209919  34 N20  51
20130607  209919  39 N25  56
20130607  209920  34 N20  51
20130607  209920  39 N25  56
20130607  209921  34 N20  51
20130607  209921  39 N25  56
20130607  209922  33 N21  52
20130607  209922  34 N20  51
20130607  209922  39 N25  56
20130607  209922  56 S12  23
20130607  209922  62 S18  17
20130607  209922  63 S17  16
20130607  209922  68 S23  11
20130607  209924  50  S5  29
20130607  209925  50  S5  29
20130607  209926  50  S5  29
20130607  209927  50  S5  29
20130607  209935  50  S5  29
20130607  209936  50  S5  29
20130608  210100  50  S5  29
20130608  210101  50  S5  29
20130608  210102  50  S5  29
20130608  210103  50  S5  29
20130608  210104  50  S5  29
20130608  210106  25 N18  49
20130608  210106  30 N24  55
20130608  210107  25 N18  49
20130608  210107  30 N24  55
20130608  210108  25 N18  49
20130608  210108  30 N24  55
20130608  210109  25 N18  49
20130608  210109  30 N24  55
20130608  210110  25 N18  49
20130608  210110  30 N24  55
20130608  210112  25 N18  49
20130608  210112  30 N24  55
20130608  210132  28 N15  46
20130608  210132  33 N21  52
20130608  210132  34 N20  51
20130608  210132  39 N25  56
20130608  210133  28 N15  46
20130608  210133  33 N21  52
20130608  210133  34 N20  51
20130608  210133  39 N25  56
20130608  210134  34 N20  51
20130608  210134  39 N25  56
20130608  210135  34 N20  51
20130608  210135  39 N25  56
20130608  210136  33 N21  52
20130608  210136  34 N20  51
20130608  210136  39 N25  56
20130608  210136  56 S12  23
20130608  210136  62 S18  17
20130608  210136  63 S17  16
20130608  210136  68 S23  11
20130608  210155  50  S5  29
20130608  210156  50  S5  29
20130608  210157  50  S5  29
20130608  210158  50  S5  29
20130608  210159  50  S5  29
20130608  210161  25 N18  49
20130608  210161  30 N24  55
20130608  210162  25 N18  49
20130608  210162  30 N24  55
20130608  210163  25 N18  49
20130608  210163  30 N24  55
20130608  210164  25 N18  49
20130608  210164  30 N24  55
20130608  210165  25 N18  49
20130608  210165  30 N24  55
20130608  210185  28 N15  46
20130608  210185  33 N21  52
20130608  210185  34 N20  51
20130608  210185  39 N25  56
20130608  210186  28 N15  46
20130608  210186  33 N21  52
20130608  210186  34 N20  51
20130608  210186  39 N25  56
20130608  210187  34 N20  51
20130608  210187  39 N25  56
20130608  210188  34 N20  51
20130608  210188  39 N25  56
20130608  210189  33 N21  52
20130608  210189  34 N20  51
20130608  210189  39 N25  56
20130608  210189  56 S12  23
20130608  210189  62 S18  17
20130608  210189  63 S17  16
20130608  210189  68 S23  11
20130608  210208  50  S5  29
20130608  210209  50  S5  29
20130608  210210  50  S5  29
20130608  210211  50  S5  29
20130608  210212  50  S5  29
20130608  210214  25 N18  49
20130608  210214  30 N24  55
20130608  210215  25 N18  49
20130608  210215  30 N24  55
20130608  210216  25 N18  49
20130608  210216  30 N24  55
20130608  210217  25 N18  49
20130608  210217  30 N24  55
20130608  210218  25 N18  49
20130608  210218  30 N24  55
20130608  210255  28 N15  46
20130608  210255  33 N21  52
20130608  210255  34 N20  51
20130608  210255  39 N25  56
20130608  210256  28 N15  46
20130608  210256  33 N21  52
20130608  210256  34 N20  51
20130608  210256  39 N25  56
20130608  210257  34 N20  51
20130608  210257  39 N25  56
20130608  210258  34 N20  51
20130608  210258  39 N25  56
20130608  210259  33 N21  52
20130608  210259  34 N20  51
20130608  210259  39 N25  56
20130608  210259  56 S12  23
20130608  210259  62 S18  17
20130608  210259  63 S17  16
20130608  210259  68 S23  11
20130608  210261  50  S5  29
20130608  210262  50  S5  29
20130608  210263  50  S5  29
20130608  210264  50  S5  29
20130608  210265  50  S5  29
20130608  210267  25 N18  49
20130608  210267  30 N24  55
20130608  210268  25 N18  49
20130608  210268  30 N24  55
20130608  210269  25 N18  49
20130608  210269  30 N24  55
20130608  210270  25 N18  49
20130608  210270  30 N24  55
20130608  210271  25 N18  49
20130608  210271  30 N24  55
20130608  210291  28 N15  46
20130608  210291  33 N21  52
20130608  210291  34 N20  51
20130608  210291  39 N25  56
20130608  210292  28 N15  46
20130608  210292  33 N21  52
20130608  210292  34 N20  51
20130608  210292  39 N25  56
20130608  210293  34 N20  51
20130608  210293  39 N25  56
20130608  210294  34 N20  51
20130608  210294  39 N25  56
20130608  210295  33 N21  52
20130608  210295  34 N20  51
20130608  210295  39 N25  56
20130608  210295  56 S12  23
20130608  210295  62 S18  17
20130608  210295  63 S17  16
20130608  210295  68 S23  11
20130608  210297  50  S5  29
20130608  210298  50  S5  29
20130608  210299  50  S5  29
20130608  210300  50  S5  29
20130608  210301  50  S5  29
20130608  210303  25 N18  49
20130608  210303  30 N24  55
20130608  210304  25 N18  49
20130608  210304  30 N24  55
20130608  210305  25 N18  49
20130608  210305  30 N24  55
20130608  210306  25 N18  49
20130608  210306  30 N24  55
20130608  210307  25 N18  49
20130608  210307  30 N24  55
20130609  210495  50  S5  29
20130609  210496  50  S5  29
20130609  210497  50  S5  29
20130609  210498  50  S5  29
20130609  210502  50  S5  29
20130609  210504  25 N18  49
20130609  210504  30 N24  55
20130609  210505  25 N18  49
20130609  210505  30 N24  55
20130609  210506  25 N18  49
20130609  210506  30 N24  55
20130609  210507  25 N18  49
20130609  210507  30 N24  55
20130609  210508  25 N18  49
20130609  210508  30 N24  55
20130609  210528  28 N15  46
20130609  210528  33 N21  52
20130609  210528  34 N20  51
20130609  210528  39 N25  56
20130609  210529  28 N15  46
20130609  210529  33 N21  52
20130609  210529  34 N20  51
20130609  210529  39 N25  56
20130609  210530  34 N20  51
20130609  210530  39 N25  56
20130609  210531  34 N20  51
20130609  210531  39 N25  56
20130609  210532  33 N21  52
20130609  210532  34 N20  51
20130609  210532  39 N25  56
20130609  210532  56 S12  23
20130609  210532  62 S18  17
20130609  210532  63 S17  16
20130609  210532  68 S23  11
20130609  210545  50  S5  29
20130609  210546  50  S5  29
20130609  210547  50  S5  29
20130609  210548  50  S5  29
20130609  210549  50  S5  29
20130609  210551  25 N18  49
20130609  210551  30 N24  55
20130609  210552  25 N18  49
20130609  210552  30 N24  55
20130609  210553  25 N18  49
20130609  210553  30 N24  55
20130609  210554  25 N18  49
20130609  210554  30 N24  55
20130609  210555  25 N18  49
20130609  210555  30 N24  55
20130609  210570  28 N15  46
20130609  210570  33 N21  52
20130609  210570  34 N20  51
20130609  210570  39 N25  56
20130609  210571  28 N15  46
20130609  210571  33 N21  52
20130609  210571  34 N20  51
20130609  210571  39 N25  56
20130609  210572  34 N20  51
20130609  210572  39 N25  56
20130609  210573  34 N20  51
20130609  210573  39 N25  56
20130609  210574  33 N21  52
20130609  210574  34 N20  51
20130609  210574  39 N25  56
20130609  210574  56 S12  23
20130609  210574  62 S18  17
20130609  210574  63 S17  16
20130609  210574  68 S23  11
20130609  210587  50  S5  29
20130609  210588  50  S5  29
20130609  210589  50  S5  29
20130609  210590  50  S5  29
20130609  210591  50  S5  29
20130609  210593  25 N18  49
20130609  210593  30 N24  55
20130609  210594  25 N18  49
20130609  210594  30 N24  55
20130609  210595  25 N18  49
20130609  210595  30 N24  55
20130609  210596  25 N18  49
20130609  210596  30 N24  55
20130609  210597  25 N18  49
20130609  210597  30 N24  55
20130609  210617  28 N15  46
20130609  210617  33 N21  52
20130609  210617  34 N20  51
20130609  210617  39 N25  56
20130609  210618  28 N15  46
20130609  210618  33 N21  52
20130609  210618  34 N20  51
20130609  210618  39 N25  56
20130609  210619  34 N20  51
20130609  210619  39 N25  56
20130609  210620  34 N20  51
20130609  210620  39 N25  56
20130609  210621  33 N21  52
20130609  210621  34 N20  51
20130609  210621  39 N25  56
20130609  210621  56 S12  23
20130609  210621  62 S18  17
20130609  210621  63 S17  16
20130609  210621  68 S23  11
20130609  210623  50  S5  29
20130609  210624  50  S5  29
20130609  210625  50  S5  29
20130609  210626  50  S5  29
20130609  210627  50  S5  29
20130609  210629  25 N18  49
20130609  210629  30 N24  55
20130609  210630  25 N18  49
20130609  210630  30 N24  55
20130609  210631  25 N18  49
20130609  210631  30 N24  55
20130609  210632  25 N18  49
20130609  210632  30 N24  55
20130609  210633  25 N18  49
20130609  210633  30 N24  55
20130609  210653  28 N15  46
20130609  210653  33 N21  52
20130609  210653  34 N20  51
20130609  210653  39 N25  56
20130609  210654  28 N15  46
20130609  210654  33 N21  52
20130609  210654  34 N20  51
20130609  210654  39 N25  56
20130609  210655  34 N20  51
20130609  210655  39 N25  56
20130609  210656  34 N20  51
20130609  210656  39 N25  56
20130609  210657  33 N21  52
20130609  210657  34 N20  51
20130609  210657  39 N25  56
20130609  210657  56 S12  23
20130609  210657  62 S18  17
20130609  210657  63 S17  16
20130609  210657  68 S23  11
20130609  210659  50  S5  29
20130609  210660  50  S5  29
20130609  210661  50  S5  29
20130609  210662  50  S5  29
20130609  210663  50  S5  29
20130609  210665  25 N18  49
20130609  210665  30 N24  55
20130609  210666  25 N18  49
20130609  210666  30 N24  55
20130609  210667  25 N18  49
20130609  210667  30 N24  55
20130609  210668  25 N18  49
20130609  210668  30 N24  55
20130609  210669  25 N18  49
20130609  210669  30 N24  55
20130621  216042  25 N18  49
20130621  216042  30 N24  55
20130621  216043  25 N18  49
20130621  216043  30 N24  55
20130621  216044  25 N18  49
20130621  216044  30 N24  55
20130621  216045  25 N18  49
20130621  216045  30 N24  55
20130621  216046  25 N18  49
20130621  216046  30 N24  55
20130621  216047  25 N18  49
20130621  216047  30 N24  55
20130621  216054  34 N20  51
20130621  216054  39 N25  56
20130621  216055  34 N20  51
20130621  216055  39 N25  56
20130621  216056  50  S5  29
20130621  216057  50  S5  29
20130621  216058  25 N18  49
20130621  216058  30 N24  55
20130621  216059  25 N18  49
20130621  216059  30 N24  55
20130621  216066  34 N20  51
20130621  216066  39 N25  56
20130621  216067  34 N20  51
20130621  216067  39 N25  56
20130621  216068  50  S5  29
20130621  216069  50  S5  29
20130621  216070  25 N18  49
20130621  216070  30 N24  55
20130621  216071  25 N18  49
20130621  216071  30 N24  55
20130621  216078  34 N20  51
20130621  216078  39 N25  56
20130621  216079  34 N20  51
20130621  216079  39 N25  56
20130621  216080  50  S5  29
20130621  216081  50  S5  29
20130621  216082  25 N18  49
20130621  216082  30 N24  55
20130621  216083  25 N18  49
20130621  216083  30 N24  55
20130621  216090  34 N20  51
20130621  216090  39 N25  56
20130621  216091  34 N20  51
20130621  216091  39 N25  56
20130621  216092  50  S5  29
20130621  216093  50  S5  29
20130621  216094  25 N18  49
20130621  216094  30 N24  55
20130621  216095  25 N18  49
20130621  216095  30 N24  55
20130621  216102  34 N20  51
20130621  216102  39 N25  56
20130621  216103  34 N20  51
20130621  216103  39 N25  56
20130621  216104  50  S5  29
20130621  216105  50  S5  29
20130621  216106  25 N18  49
20130621  216106  30 N24  55
20130621  216107  25 N18  49
20130621  216107  30 N24  55
20130621  216114  34 N20  51
20130621  216114  39 N25  56
20130621  216115  34 N20  51
20130621  216115  39 N25  56
20130621  216116  50  S5  29
20130621  216117  50  S5  29
20130621  216118  25 N18  49
20130621  216118  30 N24  55
20130621  216119  25 N18  49
20130621  216119  30 N24  55
20130621  216126  34 N20  51
20130621  216126  39 N25  56
20130621  216127  34 N20  51
20130621  216127  39 N25  56
20130621  216128  50  S5  29
20130621  216129  50  S5  29
20130621  216130  25 N18  49
20130621  216130  30 N24  55
20130621  216131  25 N18  49
20130621  216131  30 N24  55
20130621  216138  34 N20  51
20130621  216138  39 N25  56
20130621  216139  34 N20  51
20130621  216139  39 N25  56
20130621  216140  50  S5  29
20130621  216141  50  S5  29
20130621  216142  25 N18  49
20130621  216142  30 N24  55
20130621  216143  25 N18  49
20130621  216143  30 N24  55
20130623  216988  25 N18  49
20130623  216988  30 N24  55
20130623  216989  25 N18  49
20130623  216989  30 N24  55
20130623  216996  34 N20  51
20130623  216996  39 N25  56
20130623  216997  34 N20  51
20130623  216997  39 N25  56
20130623  216998  50  S5  29
20130623  216999  50  S5  29
20130623  217000  25 N18  49
20130623  217000  30 N24  55
20130623  217001  25 N18  49
20130623  217001  30 N24  55
20130623  217023  34 N20  51
20130623  217023  39 N25  56
20130623  217024  34 N20  51
20130623  217024  39 N25  56
20130623  217025  50  S5  29
20130623  217026  50  S5  29
20130623  217027  25 N18  49
20130623  217027  30 N24  55
20130623  217028  25 N18  49
20130623  217028  30 N24  55
20130623  217033  34 N20  51
20130623  217033  39 N25  56
20130623  217034  34 N20  51
20130623  217034  39 N25  56
20130623  217035  50  S5  29
20130623  217036  50  S5  29
20130623  217037  25 N18  49
20130623  217037  30 N24  55
20130623  217038  25 N18  49
20130623  217038  30 N24  55
20130623  217043  34 N20  51
20130623  217043  39 N25  56
20130623  217044  34 N20  51
20130623  217044  39 N25  56
20130623  217045  50  S5  29
20130623  217046  50  S5  29
20130623  217047  25 N18  49
20130623  217047  30 N24  55
20130623  217048  25 N18  49
20130623  217048  30 N24  55
20130623  217053  34 N20  51
20130623  217053  39 N25  56
20130623  217054  34 N20  51
20130623  217054  39 N25  56
20130623  217055  50  S5  29
20130623  217056  50  S5  29
20130623  217057  25 N18  49
20130623  217057  30 N24  55
20130623  217058  25 N18  49
20130623  217058  30 N24  55
20130623  217063  34 N20  51
20130623  217063  39 N25  56
20130623  217064  34 N20  51
20130623  217064  39 N25  56
20130623  217065  50  S5  29
20130623  217066  50  S5  29
20130623  217067  25 N18  49
20130623  217067  30 N24  55
20130623  217068  25 N18  49
20130623  217068  30 N24  55
20130623  217073  34 N20  51
20130623  217073  39 N25  56
20130623  217074  34 N20  51
20130623  217074  39 N25  56
20130623  217075  50  S5  29
20130623  217076  50  S5  29
20130623  217077  25 N18  49
20130623  217077  30 N24  55
20130623  217078  25 N18  49
20130623  217078  30 N24  55
20130623  217083  34 N20  51
20130623  217083  39 N25  56
20130623  217084  34 N20  51
20130623  217084  39 N25  56
20130623  217085  50  S5  29
20130623  217086  50  S5  29
20130623  217087  25 N18  49
20130623  217087  30 N24  55
20130623  217088  25 N18  49
20130623  217088  30 N24  55
20130623  217093  34 N20  51
20130623  217093  39 N25  56
20130623  217094  34 N20  51
20130623  217094  39 N25  56
20130623  217095  50  S5  29
20130623  217096  50  S5  29
20130623  217114  66 S14  13
20130623  217114  71 S20   8
20130623  217118  66 S14  13
20130623  217118  71 S20   8
20130623  217119  66 S14  13
20130623  217119  71 S20   8
20130623  217120  66 S14  13
20130623  217120  71 S20   8
20130623  217121  66 S14  13
20130623  217121  71 S20   8
20130623  217122  66 S14  13
20130623  217122  71 S20   8
20130623  217123  66 S14  13
20130623  217123  71 S20   8
20130714  218874  28 N15  46
20130714  218874  33 N21  52
20130714  218874  34 N20  51
20130714  218875  28 N15  46
20130714  218875  34 N20  51
20130714  218876  33 N21  52
20130714  218876  34 N20  51
20130714  218876  39 N25  56
20130714  218877  33 N21  52
20130714  218877  34 N20  51
20130714  218877  39 N25  56
20130714  218878  28 N15  46
20130714  218878  33 N21  52
20130714  218878  34 N20  51
20130714  218879  28 N15  46
20130714  218879  34 N20  51
20130714  218880  34 N20  51
20130714  218880  39 N25  56
20130714  218881  33 N21  52
20130714  218881  34 N20  51
20130714  218881  39 N25  56
20130714  218882  28 N15  46
20130714  218882  33 N21  52
20130714  218882  34 N20  51
20130714  218883  28 N15  46
20130714  218883  34 N20  51
20130714  218884  33 N21  52
20130714  218884  34 N20  51
20130714  218884  39 N25  56
20130714  218885  33 N21  52
20130714  218885  34 N20  51
20130714  218885  39 N25  56
20130714  218886  28 N15  46
20130714  218886  33 N21  52
20130714  218886  34 N20  51
20130714  218887  28 N15  46
20130714  218887  34 N20  51
20130714  218888  34 N20  51
20130714  218888  39 N25  56
20130714  218889  33 N21  52
20130714  218889  34 N20  51
20130714  218889  39 N25  56
20130715  219326  70 S21   9
20130715  219326  75 S26   5
20130715  219326  80 S30   2
20130715  219327  70 S21   9
20130715  219327  75 S26   5
20130715  219327  80 S30   2
20130715  219327  81 S29   1
20130715  219328  70 S21   9
20130715  219328  71 S20   8
20130715  219328  75 S26   5
20130715  219329  70 S21   9
20130715  219329  75 S26   5
20130715  219330  64 S16  15
20130715  219330  70 S21   9
20130715  219330  75 S26   5
20130715  219330  80 S30   2
20130715  219331  64 S16  15
20130715  219331  70 S21   9
20130715  219331  75 S26   5
20130715  219331  80 S30   2
20130715  219331  81 S29   1
20130715  219332  64 S16  15
20130715  219332  65 S15  14
20130715  219332  70 S21   9
20130715  219332  71 S20   8
20130715  219332  75 S26   5
20130715  219333  64 S16  15
20130715  219333  70 S21   9
20130715  219333  75 S26   5
20130715  219334  64 S16  15
20130715  219334  70 S21   9
20130715  219334  75 S26   5
20130715  219334  80 S30   2
20130715  219335  64 S16  15
20130715  219335  70 S21   9
20130715  219335  75 S26   5
20130715  219335  80 S30   2
20130715  219335  81 S29   1
20130715  219336  64 S16  15
20130715  219336  65 S15  14
20130715  219336  70 S21   9
20130715  219336  75 S26   5
20130715  219337  64 S16  15
20130715  219337  70 S21   9
20130715  219337  75 S26   5
20130715  219338  75 S26   5
20130715  219338  80 S30   2
20130715  219339  75 S26   5
20130715  219339  80 S30   2
20130715  219339  81 S29   1
20130715  219340  70 S21   9
20130715  219340  75 S26   5
20130715  219341  70 S21   9
20130715  219341  75 S26   5
20130715  219352  64 S16  15
20130715  219352  70 S21   9
20130715  219352  75 S26   5
20130715  219352  80 S30   2
20130715  219353  64 S16  15
20130715  219353  70 S21   9
20130715  219353  75 S26   5
20130715  219353  80 S30   2
20130715  219354  64 S16  15
20130715  219354  70 S21   9
20130715  219354  75 S26   5
20130715  219354  80 S30   2
20130715  219355  64 S16  15
20130715  219355  70 S21   9
20130715  219355  75 S26   5
20130715  219355  80 S30   2
20130715  219356  64 S16  15
20130715  219356  70 S21   9
20130715  219356  75 S26   5
20130715  219356  80 S30   2
20130715  219357  64 S16  15
20130715  219357  70 S21   9
20130715  219357  75 S26   5
20130715  219357  80 S30   2
20130717  220194  66 S14  13
20130717  220194  71 S20   8
20130717  220195  66 S14  13
20130717  220195  71 S20   8
20130717  220196  66 S14  13
20130717  220196  71 S20   8
20130717  220198  66 S14  13
20130717  220198  71 S20   8
20130717  220199  66 S14  13
20130717  220199  71 S20   8
20130717  220200  66 S14  13
20130717  220200  71 S20   8
