#Airplane
20130612  211972 nan nan 7
20130612  211972 nan nan 11
20130612  211972 nan nan 12
20130612  211972 nan nan 17
20130612  211972 nan nan 23
20130612  211972 nan nan 29
20130612  211972 nan nan 30
20130612  211972 nan nan 36
20130612  211972 nan nan 37
20130612  211972 nan nan 43
20130612  211972 nan nan 48
20130612  211972 nan nan 49
20130612  211972 nan nan 54
20130612  211972 nan nan 58
20130612  211972 nan nan 59
20130612  211972 nan nan 62
20130419  199544 nan nan 32
20130419  199544 nan nan 33
20130419  199544 nan nan 34
20130419  199544 nan nan 25
20130419  199544 nan nan 19
20130419  199544 nan nan 13

