#date     expnum ccd id ccdnum
20130804  223485  28 N15  46
20130804  223485  33 N21  52
20130804  223485  34 N20  51
20130804  223485  39 N25  56
20130804  223489  33 N21  52
20130804  223489  34 N20  51
20130804  223489  39 N25  56
20130804  223489  56 S12  23
20130804  223489  62 S18  17
20130804  223489  63 S17  16
20130804  223489  68 S23  11
20130804  223522  28 N15  46
20130804  223522  33 N21  52
20130804  223522  34 N20  51
20130804  223522  39 N25  56
20130804  223526  33 N21  52
20130804  223526  34 N20  51
20130804  223526  39 N25  56
20130804  223526  56 S12  23
20130804  223526  62 S18  17
20130804  223526  63 S17  16
20130804  223526  68 S23  11
20130804  223562  33 N21  52
20130804  223562  34 N20  51
20130804  223562  39 N25  56
20130804  223562  56 S12  23
20130804  223562  62 S18  17
20130804  223562  63 S17  16
20130804  223562  68 S23  11
20130804  223594  28 N15  46
20130804  223594  33 N21  52
20130804  223594  34 N20  51
20130804  223594  39 N25  56
20130804  223598  33 N21  52
20130804  223598  34 N20  51
20130804  223598  39 N25  56
20130804  223598  56 S12  23
20130804  223598  62 S18  17
20130804  223598  63 S17  16
20130804  223598  68 S23  11
20130805  223817  28 N15  46
20130805  223817  33 N21  52
20130805  223817  34 N20  51
20130805  223817  39 N25  56
20130805  223819  34 N20  51
20130805  223819  39 N25  56
20130805  223821  33 N21  52
20130805  223821  34 N20  51
20130805  223821  39 N25  56
20130805  223821  56 S12  23
20130805  223821  62 S18  17
20130805  223821  63 S17  16
20130805  223821  68 S23  11
20130805  223853  28 N15  46
20130805  223853  33 N21  52
20130805  223853  34 N20  51
20130805  223853  39 N25  56
20130805  223889  28 N15  46
20130805  223889  33 N21  52
20130805  223889  34 N20  51
20130805  223889  39 N25  56
20130805  223893  33 N21  52
20130805  223893  34 N20  51
20130805  223893  39 N25  56
20130805  223893  56 S12  23
20130805  223893  62 S18  17
20130805  223893  63 S17  16
20130805  223893  68 S23  11
20130805  223925  28 N15  46
20130805  223925  33 N21  52
20130805  223925  34 N20  51
20130805  223925  39 N25  56
20130805  223927  34 N20  51
20130805  223927  39 N25  56
20130805  223929  33 N21  52
20130805  223929  34 N20  51
20130805  223929  39 N25  56
20130805  223929  56 S12  23
20130805  223929  62 S18  17
20130805  223929  63 S17  16
20130805  223929  68 S23  11
20130806  224162  73 S28   7
20130806  224162  79 S31   3
20130806  224163  73 S28   7
20130806  224163  79 S31   3
20130806  224164  73 S28   7
20130806  224164  79 S31   3
20130806  224171  17  N1  32
20130806  224172  17  N1  32
20130806  224173  17  N1  32
20130806  224174  17  N1  32
20130809  225064  73 S28   7
20130809  225065  61 S19  18
20130809  225065  73 S28   7
20130809  225066  61 S19  18
20130809  225066  73 S28   7
20130809  225067  61 S19  18
20130809  225067  73 S28   7
20130809  225068  61 S19  18
20130809  225068  73 S28   7
20130809  225132  44 N29  60
20130809  225136  60  S8  19
20130809  225136  65 S15  14
20130809  225136  66 S14  13
20130809  225136  71 S20   8
20130809  225136  76 S25   4
20130809  225137  60  S8  19
20130809  225137  65 S15  14
20130809  225137  66 S14  13
20130809  225137  71 S20   8
20130809  225137  76 S25   4
20130809  225138  60  S8  19
20130809  225138  65 S15  14
20130809  225138  66 S14  13
20130809  225138  71 S20   8
20130809  225138  76 S25   4
20130809  225139  60  S8  19
20130809  225139  65 S15  14
20130809  225139  66 S14  13
20130809  225139  71 S20   8
20130809  225139  76 S25   4
20130809  225144  60  S8  19
20130809  225144  65 S15  14
20130809  225144  66 S14  13
20130809  225144  71 S20   8
20130809  225144  76 S25   4
20130809  225145  66 S14  13
20130809  225145  71 S20   8
20130809  225145  76 S25   4
20130809  225146  66 S14  13
20130809  225146  71 S20   8
20130809  225146  76 S25   4
20130809  225147  66 S14  13
20130809  225147  71 S20   8
20130809  225147  76 S25   4
20130810  225300  70 S21   9
20130810  225300  71 S20   8
20130810  225300  74 S27   6
20130810  225300  75 S26   5
20130810  225300  80 S30   2
20130810  225300  81 S29   1
20130810  225357  44 N29  60
20130810  225375  60  S8  19
20130810  225375  65 S15  14
20130810  225375  66 S14  13
20130810  225375  71 S20   8
20130810  225375  76 S25   4
20130810  225376  66 S14  13
20130810  225376  71 S20   8
20130810  225376  76 S25   4
20130810  225377  66 S14  13
20130810  225377  71 S20   8
20130810  225377  76 S25   4
20130810  225378  66 S14  13
20130810  225378  71 S20   8
20130810  225378  76 S25   4
20130811  225710  60  S8  19
20130811  225710  65 S15  14
20130811  225710  66 S14  13
20130811  225710  71 S20   8
20130811  225710  76 S25   4
20130812  225875  29 N14  45
20130813  225991  80 S30   2
20130813  225992  80 S30   2
20130813  225993  80 S30   2
20130813  225995  80 S30   2
20130813  225996  80 S30   2
20130813  225997  80 S30   2
20130813  226071  29 N14  45
20130813  226075  29 N14  45
20130813  226079  29 N14  45
20130813  226083  29 N14  45
20130813  226092  29 N14  45
20130813  226096  29 N14  45
20130813  226100  29 N14  45
20130813  226104  29 N14  45
20130814  226227  80 S30   2
20130814  226228  80 S30   2
20130814  226229  80 S30   2
20130814  226231  80 S30   2
20130814  226232  80 S30   2
20130814  226233  80 S30   2
20130814  226324  81 S29   1
20130814  226328  81 S29   1
20130814  226332  81 S29   1
20130814  226336  81 S29   1
20130814  226340  81 S29   1
20130816  226942  17  N1  32
20130816  226942  54  S1  25
20130816  226943  17  N1  32
20130816  226943  54  S1  25
20130816  226944  17  N1  32
20130816  226944  54  S1  25
20130816  226945  17  N1  32
20130816  226945  54  S1  25
20130816  227005  17  N1  32
20130816  227005  54  S1  25
20130818  227850  17  N1  32
20130818  227850  54  S1  25
20130924  238320  17  N1  32
20130924  238322  17  N1  32
20130924  238325  17  N1  32
20130924  238329  17  N1  32
20130924  238330  17  N1  32
20130924  238331  17  N1  32
20130925  238494  73 S28   7
20130925  238495  73 S28   7
20130925  238496  73 S28   7
20130925  238497  73 S28   7
20130925  238499  73 S28   7
20130925  238500  73 S28   7
20130925  238501  73 S28   7
20130925  238502  73 S28   7
20130925  238503  73 S28   7
20130925  238504  73 S28   7
20130925  238505  73 S28   7
20130925  238506  73 S28   7
20131004  241406  34 N20  51
20131004  241406  39 N25  56
20131004  241407  39 N25  56
20131007  242029  34 N20  51
20131007  242029  39 N25  56
20131007  242030  39 N25  56
20131102  250166  74 S27   6
20131102  250166  75 S26   5
20131102  250166  80 S30   2
20131102  250169  80 S30   2
20131102  250171  29 N14  45
20131102  250175  73 S28   7
20131102  250178  74 S27   6
20131102  250178  75 S26   5
20131102  250178  80 S30   2
20131102  250181  80 S30   2
20131102  250183  29 N14  45
20131102  250187  73 S28   7
20131102  250190  81 S29   1
20131102  250193  80 S30   2
20131102  250193  81 S29   1
20131102  250200  29 N14  45
20131102  250203  73 S28   7
20131102  250204  80 S30   2
20131102  250208  81 S29   1
20131102  250211  80 S30   2
20131102  250211  81 S29   1
20131102  250217  81 S29   1
20131102  250220  80 S30   2
20131102  250220  81 S29   1
20131103  250713  76 S25   4
20131103  250714  43 N30  61
20131103  250714  44 N29  60
20131103  250724  76 S25   4
20131103  250724  81 S29   1
20131103  250726  76 S25   4
20131103  250727  43 N30  61
20131103  250727  44 N29  60
20131103  250737  76 S25   4
20131103  250737  81 S29   1
20131103  250739  81 S29   1
20131103  250744  43 N30  61
20131103  250744  44 N29  60
20131103  250745  76 S25   4
20131103  250755  76 S25   4
20131103  250755  81 S29   1
20131103  250761  81 S29   1
20131103  250769  81 S29   1
20131104  250882  70 S21   9
20131104  250882  71 S20   8
20131104  250882  75 S26   5
20131104  250882  80 S30   2
20131104  250882  81 S29   1
20131104  250883  43 N30  61
20131104  250883  44 N29  60
20131104  250889  71 S20   8
20131104  250889  76 S25   4
20131104  250890  70 S21   9
20131104  250890  71 S20   8
20131104  250890  75 S26   5
20131104  250890  80 S30   2
20131104  250890  81 S29   1
20131104  250891  43 N30  61
20131104  250891  44 N29  60
20131104  250897  71 S20   8
20131104  250897  76 S25   4
20131104  250902  81 S29   1
20131104  250902  24 N19  50
20131104  250902  30 N24  55
20131104  250903  74 S27   6
20131104  250903  75 S26   5
20131104  250903  80 S30   2
20131104  250904  17  N1  32
20131104  250904  23  N8  39
20131104  250904  29 N14  45
20131104  250904  76 S25   4
20131104  250904  81 S29   1
20131104  250906  60  S8  19
20131104  250906  65 S15  14
20131104  250906  66 S14  13
20131104  250906  70 S21   9
20131104  250906  71 S20   8
20131104  250906  76 S25   4
20131104  250909  70 S21   9
20131104  250909  71 S20   8
20131104  250909  75 S26   5
20131104  250909  80 S30   2
20131104  250909  81 S29   1
20131104  250910  43 N30  61
20131104  250910  44 N29  60
20131104  250916  71 S20   8
20131104  250916  76 S25   4
20131104  250921  81 S29   1
20131104  250921  24 N19  50
20131104  250921  30 N24  55
20131104  250922  74 S27   6
20131104  250922  75 S26   5
20131104  250922  80 S30   2
20131104  250923  17  N1  32
20131104  250923  23  N8  39
20131104  250923  29 N14  45
20131104  250923  76 S25   4
20131104  250923  81 S29   1
20131104  250925  60  S8  19
20131104  250925  65 S15  14
20131104  250925  66 S14  13
20131104  250925  70 S21   9
20131104  250925  71 S20   8
20131104  250925  76 S25   4
20131104  250933  81 S29   1
20131104  250933  24 N19  50
20131104  250933  30 N24  55
20131104  250934  74 S27   6
20131104  250934  75 S26   5
20131104  250934  80 S30   2
20131104  250935  17  N1  32
20131104  250935  23  N8  39
20131104  250935  29 N14  45
20131104  250935  76 S25   4
20131104  250935  81 S29   1
20131104  250938  60  S8  19
20131104  250938  65 S15  14
20131104  250938  66 S14  13
20131104  250938  70 S21   9
20131104  250938  71 S20   8
20131104  250938  76 S25   4
20131104  250944  80 S30   2
20131104  250944  81 S29   1
20131126  257964  42 N31  62
20131126  257965  42 N31  62
20131126  258027  39 N25  56
20131126  258037  39 N25  56
20131126  258038  39 N25  56
20131126  258053  39 N25  56
20131126  258054  39 N25  56
20131127  258212  42 N31  62
20131127  258213  42 N31  62
20131127  258226  42 N31  62
20131127  258227  42 N31  62
20131127  258273  39 N25  56
20131127  258274  39 N25  56
20131127  258303  39 N25  56
20131127  258304  39 N25  56
20131127  258320  39 N25  56
20131127  258321  39 N25  56
20140106  272032  67 S24  12
20140106  272032  73 S28   7
20140106  272033  67 S24  12
20140106  272033  73 S28   7
20140106  272042  61 S19  18
20140106  272042  67 S24  12
20140106  272042  73 S28   7
20140106  272043  61 S19  18
20140106  272043  67 S24  12
20140106  272043  73 S28   7
20140106  272045  42 N31  62
20140106  272046  42 N31  62
20140106  272047  42 N31  62
20140106  272048  42 N31  62
20140106  272049  42 N31  62
20140106  272050  42 N31  62
20140106  272051  67 S24  12
20140106  272051  73 S28   7
20140106  272052  67 S24  12
20140106  272052  73 S28   7
20140106  272053  67 S24  12
20140106  272053  73 S28   7
20140106  272054  67 S24  12
20140106  272054  73 S28   7
20140106  272055  67 S24  12
20140106  272055  73 S28   7
20140106  272056  67 S24  12
20140106  272056  73 S28   7
20140106  272140  74 S27   6
20140106  272140  79 S31   3
20140106  272141  74 S27   6
20140106  272141  79 S31   3
20140106  272142  30 N24  55
20140106  272142  31 N23  54
20140106  272142  36 N28  59
20140106  272143  30 N24  55
20140106  272143  31 N23  54
20140106  272143  36 N28  59
20140108  272610  75 S26   5
20140108  272610  76 S25   4
20140108  272610  81 S29   1
20140108  272611  75 S26   5
20140108  272611  76 S25   4
20140108  272611  81 S29   1
20140110  273147  76 S25   4
20140110  273147  81 S29   1
20140110  273148  76 S25   4
20140110  273148  81 S29   1
20140110  273149  76 S25   4
20140110  273149  81 S29   1
20140110  273165  31 N23  54
20140110  273165  32 N22  53
20140110  273165  36 N28  59
20140110  273165  37 N27  58
20140110  273165  42 N31  62
20140110  273165  43 N30  61
20140110  273166  31 N23  54
20140110  273166  32 N22  53
20140110  273166  36 N28  59
20140110  273166  37 N27  58
20140110  273166  42 N31  62
20140110  273166  43 N30  61
20140110  273167  31 N23  54
20140110  273167  32 N22  53
20140110  273167  36 N28  59
20140110  273167  37 N27  58
20140110  273167  42 N31  62
20140110  273167  43 N30  61
20140111  273460  66 S14  13
20140111  273461  66 S14  13
20140111  273474  30 N24  55
20140111  273475  30 N24  55
20140111  273490  30 N24  55
20140111  273490  31 N23  54
20140111  273490  36 N28  59
20140111  273491  30 N24  55
20140111  273491  31 N23  54
20140111  273491  36 N28  59
20140112  273824  73 S28   7
20140112  273825  73 S28   7
20140112  273850  68 S23  11
20140112  273850  73 S28   7
20140112  273850  74 S27   6
20140112  273850  79 S31   3
20140112  273850  80 S30   2
20140112  273851  68 S23  11
20140112  273851  73 S28   7
20140112  273851  74 S27   6
20140112  273851  79 S31   3
20140112  273851  80 S30   2
20140112  273858  73 S28   7
20140112  273859  73 S28   7
20140112  273864  38 N26  57
20140112  273864  39 N25  56
20140112  273864  44 N29  60
20140112  273865  38 N26  57
20140112  273865  39 N25  56
20140112  273865  44 N29  60
20140112  273872  24 N19  50
20140112  273873  24 N19  50
20140113  274179  29 N14  45
20140113  274179  34 N20  51
20140113  274180  29 N14  45
20140113  274180  34 N20  51
20140113  274182  79 S31   3
20140113  274182  80 S30   2
20140113  274193  80 S30   2
20140113  274194  80 S30   2
20140113  274195  37 N27  58
20140113  274195  38 N26  57
20140113  274195  42 N31  62
20140113  274195  43 N30  61
20140113  274195  44 N29  60
20140113  274196  37 N27  58
20140113  274196  38 N26  57
20140113  274196  42 N31  62
20140113  274196  43 N30  61
20140113  274196  44 N29  60
20140113  274199  68 S23  11
20140113  274199  69 S22  10
20140113  274199  74 S27   6
20140113  274199  75 S26   5
20140113  274199  79 S31   3
20140113  274199  80 S30   2
20140113  274200  68 S23  11
20140113  274200  69 S22  10
20140113  274200  74 S27   6
20140113  274200  75 S26   5
20140113  274200  79 S31   3
20140113  274200  80 S30   2
20140113  274218  19 N12  43
20140113  274218  20 N11  42
20140113  274218  25 N18  49
20140113  274218  26 N17  48
20140113  274219  19 N12  43
20140113  274219  20 N11  42
20140113  274219  25 N18  49
20140113  274219  26 N17  48
20140113  274232  75 S26   5
20140113  274232  80 S30   2
20140113  274232  81 S29   1
20140113  274232  71 S20   8
20140113  274232  76 S25   4
20140113  274232  73 S28   7
20140113  274233  75 S26   5
20140113  274233  80 S30   2
20140113  274233  81 S29   1
20140113  274233  71 S20   8
20140113  274233  76 S25   4
20140113  274233  73 S28   7
20140113  274238  18 N13  44
20140113  274238  24 N19  50
20140113  274238  25 N18  49
20140113  274238  30 N24  55
20140113  274238  31 N23  54
20140113  274238  36 N28  59
20140113  274239  18 N13  44
20140113  274239  24 N19  50
20140113  274239  25 N18  49
20140113  274239  30 N24  55
20140113  274239  31 N23  54
20140113  274239  36 N28  59
20140119  276138  36 N28  59
20140119  276138  37 N27  58
20140119  276138  42 N31  62
20140119  276138  43 N30  61
20140119  276151  36 N28  59
20140119  276151  37 N27  58
20140119  276151  42 N31  62
20140119  276151  43 N30  61
20140119  276152  36 N28  59
20140119  276152  37 N27  58
20140119  276152  42 N31  62
20140119  276152  43 N30  61
20140119  276153  36 N28  59
20140119  276153  37 N27  58
20140119  276153  42 N31  62
20140119  276153  43 N30  61
20140122  277121  61 S19  18
20140122  277122  61 S19  18
20140122  277127  55 S13  24
20140122  277127  61 S19  18
20140122  277127  67 S24  12
20140122  277128  55 S13  24
20140122  277128  61 S19  18
20140122  277128  67 S24  12
20140122  277132  61 S19  18
20140122  277133  61 S19  18
20140122  277134  61 S19  18
20140122  277135  61 S19  18
20140122  277136  55 S13  24
20140122  277136  61 S19  18
20140122  277137  55 S13  24
20140122  277137  61 S19  18
20140123  277429  73 S28   7
20140123  277429  74 S27   6
20140123  277429  79 S31   3
20140123  277429  80 S30   2
20140123  277430  67 S24  12
20140123  277430  68 S23  11
20140123  277430  73 S28   7
20140123  277430  74 S27   6
20140123  277430  75 S26   5
20140123  277430  79 S31   3
20140123  277430  80 S30   2
20140123  277433  73 S28   7
20140123  277433  74 S27   6
20140123  277433  79 S31   3
20140123  277433  80 S30   2
20140123  277443  67 S24  12
20140123  277443  68 S23  11
20140123  277443  73 S28   7
20140123  277443  74 S27   6
20140123  277443  75 S26   5
20140123  277443  79 S31   3
20140123  277443  80 S30   2
20140123  277444  67 S24  12
20140123  277444  68 S23  11
20140123  277444  73 S28   7
20140123  277444  74 S27   6
20140123  277444  75 S26   5
20140123  277444  79 S31   3
20140123  277444  80 S30   2
20140123  277445  67 S24  12
20140123  277445  68 S23  11
20140123  277445  73 S28   7
20140123  277445  74 S27   6
20140123  277445  75 S26   5
20140123  277445  79 S31   3
20140123  277445  80 S30   2
20140129  279593  42 N31  62
20140201  280431  11  N7  38
20140201  280431  12  N6  37
20140201  280431  18 N13  44
20140201  280431  48  S7  31
20140201  280431  49  S6  30
20140201  280432  11  N7  38
20140201  280432  12  N6  37
20140201  280432  18 N13  44
20140201  280432  48  S7  31
20140201  280432  49  S6  30
20140201  280433  79 S31   3
20140201  280433  80 S30   2
20140201  280434  79 S31   3
20140201  280434  80 S30   2
20140201  280451  81 S29   1
20140201  280452  81 S29   1
20140201  280491  37 N27  58
20140201  280491  38 N26  57
20140201  280491  42 N31  62
20140201  280491  43 N30  61
20140201  280491  44 N29  60
20140201  280492  37 N27  58
20140201  280492  38 N26  57
20140201  280492  42 N31  62
20140201  280492  43 N30  61
20140201  280492  44 N29  60
20140201  280495  17  N1  32
20140201  280495  23  N8  39
20140201  280495  29 N14  45
20140201  280495  34 N20  51
20140201  280496  17  N1  32
20140201  280496  23  N8  39
20140201  280496  29 N14  45
20140201  280496  34 N20  51
20140210  284127  34 N20  51
20140210  284128  34 N20  51
20140210  284130  34 N20  51
20140210  284142  42 N31  62
20140213  284942  29 N14  45
20140213  284942  34 N20  51
20140213  284943  29 N14  45
20140215  285482  42 N31  62
20140215  285487  11  N7  38
20140215  285487  12  N6  37
20140215  285487  18 N13  44
20140215  285491  37 N27  58
20140215  285491  38 N26  57
20140215  285491  42 N31  62
20140215  285491  43 N30  61
20140215  285491  11  N7  38
20140215  285491  18 N13  44
20140215  285491  48  S7  31
20140215  285505  74 S27   6
20140215  285505  80 S30   2
20140215  285508  11  N7  38
20140216  285827  60  S8  19
20140216  285827  66 S14  13
20140216  285827  71 S20   8
20140216  285828  60  S8  19
20140216  285828  66 S14  13
20140216  285828  71 S20   8
20140216  285829  60  S8  19
20140216  285829  66 S14  13
20140216  285829  71 S20   8
20140216  285830  60  S8  19
20140216  285830  66 S14  13
20140216  285830  71 S20   8
20140216  285831  60  S8  19
20140216  285831  66 S14  13
20140216  285831  71 S20   8
20140216  285832  60  S8  19
20140216  285832  66 S14  13
20140216  285832  71 S20   8
20140216  285833  60  S8  19
20140216  285833  66 S14  13
20140216  285833  71 S20   8
20140216  285834  60  S8  19
20140216  285834  66 S14  13
20140216  285834  71 S20   8
20140216  285835  60  S8  19
20140216  285835  66 S14  13
20140216  285835  71 S20   8
20140216  285836  60  S8  19
20140216  285836  66 S14  13
20140216  285836  71 S20   8
20140216  285837  60  S8  19
20140216  285837  66 S14  13
20140216  285837  71 S20   8
20140216  285838  60  S8  19
20140216  285838  66 S14  13
20140216  285838  71 S20   8
20140216  285839  60  S8  19
20140216  285839  66 S14  13
20140216  285839  71 S20   8
20140216  285840  60  S8  19
20140216  285840  66 S14  13
20140216  285840  71 S20   8
20140218  286293  24 N19  50
20140218  286293  30 N24  55
20140218  286293  36 N28  59
20140218  286294  24 N19  50
20140218  286294  30 N24  55
20140218  286294  36 N28  59
20140218  286295  24 N19  50
20140218  286295  30 N24  55
20140218  286295  36 N28  59
20140218  286306  43 N30  61
20140218  286306  44 N29  60
20140219  286548  76 S25   4
20140219  286657  61 S19  18
20140220  286778  54  S1  25
20140220  286778  60  S8  19
20140220  286778  66 S14  13
20140220  286779  17  N1  32
20140220  286779  54  S1  25
20140220  286779  60  S8  19
20140220  286780  17  N1  32
20140220  286780  54  S1  25
20140220  286780  60  S8  19
20140220  286842  79 S31   3
20140220  286842  80 S30   2
20140220  286843  80 S30   2
20140220  286844  74 S27   6
20140220  286844  75 S26   5
20140220  286844  80 S30   2
20140220  286845  80 S30   2
20140220  286846  80 S30   2
20140220  286847  80 S30   2
20140220  286985  38 N26  57
20140220  286985  39 N25  56
20140220  286985  43 N30  61
20140220  286985  44 N29  60
20140220  286986  32 N22  53
20140220  286986  33 N21  52
20140220  286986  37 N27  58
20140220  286986  38 N26  57
20140220  286986  39 N25  56
20140220  286986  43 N30  61
20140220  286986  44 N29  60
20140220  286987  32 N22  53
20140220  286987  33 N21  52
20140220  286987  37 N27  58
20140220  286987  38 N26  57
20140220  286987  39 N25  56
20140220  286987  43 N30  61
20140220  286987  44 N29  60
20140221  287115  17  N1  32
20140221  287115  23  N8  39
20140221  287115  29 N14  45
20140221  287115  30 N24  55
20140221  287115  36 N28  59
20140222  287428  42 N31  62
20140222  287428  43 N30  61
20140222  287449  17  N1  32
20140222  287449  23  N8  39
20140222  287449  29 N14  45
20140222  287449  30 N24  55
20140222  287449  36 N28  59
20140222  287463  17  N1  32
20140222  287463  54  S1  25
20140222  287576  79 S31   3
20140222  287576  80 S30   2
20140222  287577  61 S19  18
20140222  287577  67 S24  12
20140222  287577  73 S28   7
20140222  287579  81 S29   1
20140222  287596  44 N29  60
20140223  287866  17  N1  32
20140223  287867  17  N1  32
20140223  287870  17  N1  32
20140223  287870  54  S1  25
20140224  288043  12  N6  37
20140224  288043  13  N5  36
20140224  288043  14  N4  35
20140224  288043  19 N12  43
20140224  288043  20 N11  42
20140224  288043  21 N10  41
20140224  288043  25 N18  49
20140224  288043  26 N17  48
20140224  288043  49  S6  30
20140224  288043  50  S5  29
20140224  288043  51  S4  28
20140224  288043  52  S3  27
20140224  288043  55 S13  24
20140224  288043  56 S12  23
20140224  288043  57 S11  22
20140224  288043  58 S10  21
20140224  288043  59  S9  20
20140224  288043  61 S19  18
20140224  288043  62 S18  17
20140224  288043  63 S17  16
20140224  288043  64 S16  15
20140224  288043  65 S15  14
20140224  288043  67 S24  12
20140224  288043  68 S23  11
20140224  288043  69 S22  10
20140224  288043  73 S28   7
20140224  288044  12  N6  37
20140224  288044  13  N5  36
20140224  288044  14  N4  35
20140224  288044  19 N12  43
20140224  288044  20 N11  42
20140224  288044  21 N10  41
20140224  288044  25 N18  49
20140224  288044  26 N17  48
20140224  288044  49  S6  30
20140224  288044  50  S5  29
20140224  288044  51  S4  28
20140224  288044  52  S3  27
20140224  288044  55 S13  24
20140224  288044  56 S12  23
20140224  288044  57 S11  22
20140224  288044  58 S10  21
20140224  288044  59  S9  20
20140224  288044  61 S19  18
20140224  288044  62 S18  17
20140224  288044  63 S17  16
20140224  288044  64 S16  15
20140224  288044  65 S15  14
20140224  288044  67 S24  12
20140224  288044  68 S23  11
20140224  288044  69 S22  10
20140224  288044  73 S28   7
20140224  288045  15  N3  34
20140224  288045  52  S3  27
20140224  288046  15  N3  34
20140224  288046  52  S3  27
20140224  288053  38 N26  57
20140224  288053  39 N25  56
20140224  288053  44 N29  60
20140224  288054  38 N26  57
20140224  288054  39 N25  56
20140224  288054  44 N29  60
20140224  288055  76 S25   4
20140224  288055  81 S29   1
20140224  288055  12  N6  37
20140224  288055  13  N5  36
20140224  288055  19 N12  43
20140224  288056  76 S25   4
20140224  288056  81 S29   1
20140224  288056  12  N6  37
20140224  288056  13  N5  36
20140224  288056  19 N12  43
20140224  288061  66 S14  13
20140224  288061  71 S20   8
20140224  288061  75 S26   5
20140224  288061  76 S25   4
20140224  288061  48  S7  31
20140224  288062  66 S14  13
20140224  288062  71 S20   8
20140224  288062  75 S26   5
20140224  288062  76 S25   4
20140224  288062  48  S7  31
20140224  288211  75 S26   5
20140224  288211  80 S30   2
20140224  288212  75 S26   5
20140224  288212  80 S30   2
20140224  288213  73 S28   7
20140224  288214  73 S28   7
20140305  290067  60  S8  19
20140305  290067  66 S14  13
20140305  290067  71 S20   8
20140305  290068  60  S8  19
20140305  290068  66 S14  13
20140305  290068  71 S20   8
20140305  290069  60  S8  19
20140305  290069  66 S14  13
20140305  290069  71 S20   8
20140305  290070  60  S8  19
20140305  290070  66 S14  13
20140305  290070  71 S20   8
20140305  290071  60  S8  19
20140305  290071  66 S14  13
20140305  290071  71 S20   8
20140305  290072  60  S8  19
20140305  290072  66 S14  13
20140305  290073  60  S8  19
20140305  290073  66 S14  13
20140305  290074  60  S8  19
20140305  290074  66 S14  13
20140305  290075  60  S8  19
20140305  290075  66 S14  13
20140305  290077  60  S8  19
20140305  290077  66 S14  13
20140305  290078  60  S8  19
20140305  290078  66 S14  13
20140305  290079  60  S8  19
20140305  290079  66 S14  13
20140305  290080  60  S8  19
20140305  290080  66 S14  13
20140305  290081  60  S8  19
20140305  290081  66 S14  13
20140305  290082  60  S8  19
20140305  290082  66 S14  13
20140307  290482  42 N31  62
20140307  290482  43 N30  61
20140310  291324  80 S30   2
20140310  291325  80 S30   2
20140310  291475  43 N30  61
20140310  291476  37 N27  58
20140310  291476  38 N26  57
20140310  291476  43 N30  61
20140310  291477  37 N27  58
20140310  291477  38 N26  57
20140310  291477  43 N30  61
20140310  291477  44 N29  60
20140310  291478  43 N30  61
20140310  291478  44 N29  60
20140310  291507  79 S31   3
20140310  291508  79 S31   3
20140310  291509  73 S28   7
20140310  291509  79 S31   3
20140310  291510  73 S28   7
20140310  291510  79 S31   3
20140310  291664  79 S31   3
20140310  291665  79 S31   3
20140310  291689  34 N20  51
20140310  291689  39 N25  56
20140310  291689  44 N29  60
20140310  291690  34 N20  51
20140310  291690  39 N25  56
20140310  291690  44 N29  60
20140310  291693  36 N28  59
20140310  291693  42 N31  62
20140310  291694  36 N28  59
20140310  291694  42 N31  62
20140310  291713  70 S21   9
20140310  291713  71 S20   8
20140310  291713  75 S26   5
20140310  291713  76 S25   4
20140310  291713  81 S29   1
20140310  291714  70 S21   9
20140310  291714  71 S20   8
20140310  291714  75 S26   5
20140310  291714  76 S25   4
20140310  291714  81 S29   1
20140310  291715  81 S29   1
20140310  291748  44 N29  60
20140310  291829  61 S19  18
20140310  291830  61 S19  18
20140310  291833  80 S30   2
20140310  291834  80 S30   2
20140310  291856  60  S8  19
20140310  291856  65 S15  14
20140310  291856  66 S14  13
20140310  291856  70 S21   9
20140310  291856  71 S20   8
20140310  291856  75 S26   5
20140310  291856  76 S25   4
20140310  291857  66 S14  13
20140310  291857  71 S20   8
20140310  291857  75 S26   5
20140310  291857  76 S25   4
20140310  291858  66 S14  13
20140310  291858  71 S20   8
20140310  291858  75 S26   5
20140310  291858  76 S25   4
20140310  291859  60  S8  19
20140310  291859  65 S15  14
20140310  291859  66 S14  13
20140310  291859  70 S21   9
20140310  291859  71 S20   8
20140310  291859  75 S26   5
20140310  291859  76 S25   4
