#date     expnum ccd id ccdnum
# Backplane 4
20131124  257828 nan nan  28
20131124  257828 nan nan  29
20131124  257828 nan nan  30
20131124  257828 nan nan  31
20131124  257828 nan nan  35
20131124  257828 nan nan  36
20131124  257828 nan nan  37
20131124  257828 nan nan  38
20131124  257846 nan nan  28
20131124  257846 nan nan  29
20131124  257846 nan nan  30
20131124  257846 nan nan  31
20131124  257846 nan nan  35
20131124  257846 nan nan  36
20131124  257846 nan nan  37
20131124  257846 nan nan  38
20131124  257848 nan nan  28
20131124  257848 nan nan  29
20131124  257848 nan nan  30
20131124  257848 nan nan  31
20131124  257848 nan nan  35
20131124  257848 nan nan  36
20131124  257848 nan nan  37
20131124  257848 nan nan  38

20131127  258252 nan nan  28
20131127  258252 nan nan  29
20131127  258252 nan nan  30
20131127  258252 nan nan  31
20131127  258252 nan nan  35
20131127  258252 nan nan  36
20131127  258252 nan nan  37
20131127  258252 nan nan  38

20131127  258263 nan nan  28
20131127  258263 nan nan  29
20131127  258263 nan nan  30
20131127  258263 nan nan  31
20131127  258263 nan nan  35
20131127  258263 nan nan  36
20131127  258263 nan nan  37
20131127  258263 nan nan  38
